Weapon,Weapon_ID,Skin,Case,Case_ID,Rarity,Min_Wear,Max_Wear,Wear,Wear_ID,StatTrak,Price
CZ75-Auto,0,Victoria,CS:GO Weapon Case 3,0,4,0.0,0.75,FN,0,1,147.62
CZ75-Auto,0,Victoria,CS:GO Weapon Case 3,0,4,0.0,0.75,MW,1,1,71.96
CZ75-Auto,0,Victoria,CS:GO Weapon Case 3,0,4,0.0,0.75,FT,2,1,35.04
CZ75-Auto,0,Victoria,CS:GO Weapon Case 3,0,4,0.0,0.75,WW,3,1,49.15
CZ75-Auto,0,Victoria,CS:GO Weapon Case 3,0,4,0.0,0.75,BS,4,1,29.69
CZ75-Auto,0,Victoria,CS:GO Weapon Case 3,0,4,0.0,0.75,FN,0,0,13.57
CZ75-Auto,0,Victoria,CS:GO Weapon Case 3,0,4,0.0,0.75,MW,1,0,6.57
CZ75-Auto,0,Victoria,CS:GO Weapon Case 3,0,4,0.0,0.75,FT,2,0,5.24
CZ75-Auto,0,Victoria,CS:GO Weapon Case 3,0,4,0.0,0.75,WW,3,0,10.74
CZ75-Auto,0,Victoria,CS:GO Weapon Case 3,0,4,0.0,0.75,BS,4,0,5.95
CZ75-Auto,0,Xiangliu,Spectrum Case,1,3,0.0,0.56,FN,0,1,29.98
CZ75-Auto,0,Xiangliu,Spectrum Case,1,3,0.0,0.56,MW,1,1,26.79
CZ75-Auto,0,Xiangliu,Spectrum Case,1,3,0.0,0.56,FT,2,1,17.1
CZ75-Auto,0,Xiangliu,Spectrum Case,1,3,0.0,0.56,WW,3,1,17.09
CZ75-Auto,0,Xiangliu,Spectrum Case,1,3,0.0,0.56,BS,4,1,17.6
CZ75-Auto,0,Xiangliu,Spectrum Case,1,3,0.0,0.56,FN,0,0,14.27
CZ75-Auto,0,Xiangliu,Spectrum Case,1,3,0.0,0.56,MW,1,0,10.14
CZ75-Auto,0,Xiangliu,Spectrum Case,1,3,0.0,0.56,FT,2,0,8.32
CZ75-Auto,0,Xiangliu,Spectrum Case,1,3,0.0,0.56,WW,3,0,8.06
CZ75-Auto,0,Xiangliu,Spectrum Case,1,3,0.0,0.56,BS,4,0,7.76
CZ75-Auto,0,Yellow Jacket,Falchion Case,2,3,0.0,1.0,FN,0,1,47.44
CZ75-Auto,0,Yellow Jacket,Falchion Case,2,3,0.0,1.0,MW,1,1,19.56
CZ75-Auto,0,Yellow Jacket,Falchion Case,2,3,0.0,1.0,FT,2,1,9.74
CZ75-Auto,0,Yellow Jacket,Falchion Case,2,3,0.0,1.0,WW,3,1,8.83
CZ75-Auto,0,Yellow Jacket,Falchion Case,2,3,0.0,1.0,BS,4,1,8.14
CZ75-Auto,0,Yellow Jacket,Falchion Case,2,3,0.0,1.0,FN,0,0,14.43
CZ75-Auto,0,Yellow Jacket,Falchion Case,2,3,0.0,1.0,MW,1,0,6.56
CZ75-Auto,0,Yellow Jacket,Falchion Case,2,3,0.0,1.0,FT,2,0,4.37
CZ75-Auto,0,Yellow Jacket,Falchion Case,2,3,0.0,1.0,WW,3,0,4.2
CZ75-Auto,0,Yellow Jacket,Falchion Case,2,3,0.0,1.0,BS,4,0,3.6
CZ75-Auto,0,The Fuschia Is Now,CS:GO Weapon Case 3,3,3,0.0,0.4,FN,0,1,56.93
CZ75-Auto,0,The Fuschia Is Now,CS:GO Weapon Case 3,3,3,0.0,0.4,MW,1,1,30.67
CZ75-Auto,0,The Fuschia Is Now,CS:GO Weapon Case 3,3,3,0.0,0.4,FT,2,1,24.88
CZ75-Auto,0,The Fuschia Is Now,CS:GO Weapon Case 3,3,3,0.0,0.4,WW,3,1,65.51
CZ75-Auto,0,The Fuschia Is Now,CS:GO Weapon Case 3,3,3,0.0,0.4,FN,0,0,64.0
CZ75-Auto,0,The Fuschia Is Now,CS:GO Weapon Case 3,3,3,0.0,0.4,MW,1,0,37.91
CZ75-Auto,0,The Fuschia Is Now,CS:GO Weapon Case 3,3,3,0.0,0.4,FT,2,0,23.05
CZ75-Auto,0,The Fuschia Is Now,CS:GO Weapon Case 3,3,3,0.0,0.4,WW,3,0,56.09
CZ75-Auto,0,Eco,Horizon Case,4,2,0.0,1.0,FN,0,1,8.0
CZ75-Auto,0,Eco,Horizon Case,4,2,0.0,1.0,MW,1,1,3.47
CZ75-Auto,0,Eco,Horizon Case,4,2,0.0,1.0,FT,2,1,1.46
CZ75-Auto,0,Eco,Horizon Case,4,2,0.0,1.0,WW,3,1,1.35
CZ75-Auto,0,Eco,Horizon Case,4,2,0.0,1.0,BS,4,1,1.15
CZ75-Auto,0,Eco,Horizon Case,4,2,0.0,1.0,FN,0,0,3.23
CZ75-Auto,0,Eco,Horizon Case,4,2,0.0,1.0,MW,1,0,1.58
CZ75-Auto,0,Eco,Horizon Case,4,2,0.0,1.0,FT,2,0,0.8
CZ75-Auto,0,Eco,Horizon Case,4,2,0.0,1.0,WW,3,0,0.58
CZ75-Auto,0,Eco,Horizon Case,4,2,0.0,1.0,BS,4,0,0.5
CZ75-Auto,0,Tacticat,Spectrum 2 Case,5,2,0.0,0.7,FN,0,1,4.04
CZ75-Auto,0,Tacticat,Spectrum 2 Case,5,2,0.0,0.7,MW,1,1,1.85
CZ75-Auto,0,Tacticat,Spectrum 2 Case,5,2,0.0,0.7,FT,2,1,0.92
CZ75-Auto,0,Tacticat,Spectrum 2 Case,5,2,0.0,0.7,WW,3,1,0.89
CZ75-Auto,0,Tacticat,Spectrum 2 Case,5,2,0.0,0.7,BS,4,1,0.78
CZ75-Auto,0,Tacticat,Spectrum 2 Case,5,2,0.0,0.7,FN,0,0,1.72
CZ75-Auto,0,Tacticat,Spectrum 2 Case,5,2,0.0,0.7,MW,1,0,0.73
CZ75-Auto,0,Tacticat,Spectrum 2 Case,5,2,0.0,0.7,FT,2,0,0.36
CZ75-Auto,0,Tacticat,Spectrum 2 Case,5,2,0.0,0.7,WW,3,0,0.37
CZ75-Auto,0,Tacticat,Spectrum 2 Case,5,2,0.0,0.7,BS,4,0,0.35
CZ75-Auto,0,Red Astor,Chroma 3 Case,6,2,0.0,1.0,FN,0,1,4.19
CZ75-Auto,0,Red Astor,Chroma 3 Case,6,2,0.0,1.0,MW,1,1,1.76
CZ75-Auto,0,Red Astor,Chroma 3 Case,6,2,0.0,1.0,FT,2,1,0.8
CZ75-Auto,0,Red Astor,Chroma 3 Case,6,2,0.0,1.0,WW,3,1,0.62
CZ75-Auto,0,Red Astor,Chroma 3 Case,6,2,0.0,1.0,BS,4,1,0.6
CZ75-Auto,0,Red Astor,Chroma 3 Case,6,2,0.0,1.0,FN,0,0,1.49
CZ75-Auto,0,Red Astor,Chroma 3 Case,6,2,0.0,1.0,MW,1,0,0.69
CZ75-Auto,0,Red Astor,Chroma 3 Case,6,2,0.0,1.0,FT,2,0,0.34
CZ75-Auto,0,Red Astor,Chroma 3 Case,6,2,0.0,1.0,WW,3,0,0.28
CZ75-Auto,0,Red Astor,Chroma 3 Case,6,2,0.0,1.0,BS,4,0,0.27
CZ75-Auto,0,Pole Position,Chroma 2 Case,7,2,0.0,0.7,FN,0,1,5.72
CZ75-Auto,0,Pole Position,Chroma 2 Case,7,2,0.0,0.7,MW,1,1,1.92
CZ75-Auto,0,Pole Position,Chroma 2 Case,7,2,0.0,0.7,FT,2,1,0.74
CZ75-Auto,0,Pole Position,Chroma 2 Case,7,2,0.0,0.7,WW,3,1,0.84
CZ75-Auto,0,Pole Position,Chroma 2 Case,7,2,0.0,0.7,BS,4,1,0.93
CZ75-Auto,0,Pole Position,Chroma 2 Case,7,2,0.0,0.7,FN,0,0,2.0
CZ75-Auto,0,Pole Position,Chroma 2 Case,7,2,0.0,0.7,MW,1,0,0.77
CZ75-Auto,0,Pole Position,Chroma 2 Case,7,2,0.0,0.7,FT,2,0,0.34
CZ75-Auto,0,Pole Position,Chroma 2 Case,7,2,0.0,0.7,WW,3,0,0.36
CZ75-Auto,0,Pole Position,Chroma 2 Case,7,2,0.0,0.7,BS,4,0,0.29
CZ75-Auto,0,Tigris,Operation Breakout Weapon Case,8,2,0.0,1.0,FN,0,1,5.86
CZ75-Auto,0,Tigris,Operation Breakout Weapon Case,8,2,0.0,1.0,MW,1,1,2.76
CZ75-Auto,0,Tigris,Operation Breakout Weapon Case,8,2,0.0,1.0,FT,2,1,1.93
CZ75-Auto,0,Tigris,Operation Breakout Weapon Case,8,2,0.0,1.0,WW,3,1,1.62
CZ75-Auto,0,Tigris,Operation Breakout Weapon Case,8,2,0.0,1.0,BS,4,1,1.24
CZ75-Auto,0,Tigris,Operation Breakout Weapon Case,8,2,0.0,1.0,FN,0,0,1.96
CZ75-Auto,0,Tigris,Operation Breakout Weapon Case,8,2,0.0,1.0,MW,1,0,0.83
CZ75-Auto,0,Tigris,Operation Breakout Weapon Case,8,2,0.0,1.0,FT,2,0,0.53
CZ75-Auto,0,Tigris,Operation Breakout Weapon Case,8,2,0.0,1.0,WW,3,0,0.46
CZ75-Auto,0,Tigris,Operation Breakout Weapon Case,8,2,0.0,1.0,BS,4,0,0.46
CZ75-Auto,0,Tread Plate,CS:GO Weapon Case 3,9,2,0.0,0.2,FN,0,1,25.32
CZ75-Auto,0,Tread Plate,CS:GO Weapon Case 3,9,2,0.0,0.2,MW,1,1,14.32
CZ75-Auto,0,Tread Plate,CS:GO Weapon Case 3,9,2,0.0,0.2,FT,2,1,13.65
CZ75-Auto,0,Tread Plate,CS:GO Weapon Case 3,9,2,0.0,0.2,FN,0,0,8.0
CZ75-Auto,0,Tread Plate,CS:GO Weapon Case 3,9,2,0.0,0.2,MW,1,0,7.5
CZ75-Auto,0,Tread Plate,CS:GO Weapon Case 3,9,2,0.0,0.2,FT,2,0,7.42
CZ75-Auto,0,Circaetus,Snakebite Case,10,1,0.0,0.9,FN,0,1,1.63
CZ75-Auto,0,Circaetus,Snakebite Case,10,1,0.0,0.9,MW,1,1,0.57
CZ75-Auto,0,Circaetus,Snakebite Case,10,1,0.0,0.9,FT,2,1,0.24
CZ75-Auto,0,Circaetus,Snakebite Case,10,1,0.0,0.9,WW,3,1,0.23
CZ75-Auto,0,Circaetus,Snakebite Case,10,1,0.0,0.9,BS,4,1,0.23
CZ75-Auto,0,Circaetus,Snakebite Case,10,1,0.0,0.9,FN,0,0,0.51
CZ75-Auto,0,Circaetus,Snakebite Case,10,1,0.0,0.9,MW,1,0,0.16
CZ75-Auto,0,Circaetus,Snakebite Case,10,1,0.0,0.9,FT,2,0,0.09
CZ75-Auto,0,Circaetus,Snakebite Case,10,1,0.0,0.9,WW,3,0,0.1
CZ75-Auto,0,Circaetus,Snakebite Case,10,1,0.0,0.9,BS,4,0,0.09
CZ75-Auto,0,Vendetta,Operation Broken Fang Case,11,1,0.0,1.0,FN,0,1,2.87
CZ75-Auto,0,Vendetta,Operation Broken Fang Case,11,1,0.0,1.0,MW,1,1,1.19
CZ75-Auto,0,Vendetta,Operation Broken Fang Case,11,1,0.0,1.0,FT,2,1,0.49
CZ75-Auto,0,Vendetta,Operation Broken Fang Case,11,1,0.0,1.0,WW,3,1,0.38
CZ75-Auto,0,Vendetta,Operation Broken Fang Case,11,1,0.0,1.0,BS,4,1,0.34
CZ75-Auto,0,Vendetta,Operation Broken Fang Case,11,1,0.0,1.0,FN,0,0,1.08
CZ75-Auto,0,Vendetta,Operation Broken Fang Case,11,1,0.0,1.0,MW,1,0,0.57
CZ75-Auto,0,Vendetta,Operation Broken Fang Case,11,1,0.0,1.0,FT,2,0,0.55
CZ75-Auto,0,Vendetta,Operation Broken Fang Case,11,1,0.0,1.0,WW,3,0,0.41
CZ75-Auto,0,Vendetta,Operation Broken Fang Case,11,1,0.0,1.0,BS,4,0,0.42
CZ75-Auto,0,Distressed,Prisma 2 Case,12,1,0.0,1.0,FN,0,1,1.28
CZ75-Auto,0,Distressed,Prisma 2 Case,12,1,0.0,1.0,MW,1,1,0.27
CZ75-Auto,0,Distressed,Prisma 2 Case,12,1,0.0,1.0,FT,2,1,0.12
CZ75-Auto,0,Distressed,Prisma 2 Case,12,1,0.0,1.0,WW,3,1,0.11
CZ75-Auto,0,Distressed,Prisma 2 Case,12,1,0.0,1.0,BS,4,1,0.11
CZ75-Auto,0,Distressed,Prisma 2 Case,12,1,0.0,1.0,FN,0,0,0.25
CZ75-Auto,0,Distressed,Prisma 2 Case,12,1,0.0,1.0,MW,1,0,0.12
CZ75-Auto,0,Distressed,Prisma 2 Case,12,1,0.0,1.0,FT,2,0,0.07
CZ75-Auto,0,Distressed,Prisma 2 Case,12,1,0.0,1.0,WW,3,0,0.07
CZ75-Auto,0,Distressed,Prisma 2 Case,12,1,0.0,1.0,BS,4,0,0.07
CZ75-Auto,0,Polymer,Glove Case,13,1,0.0,0.5,FN,0,1,1.21
CZ75-Auto,0,Polymer,Glove Case,13,1,0.0,0.5,MW,1,1,0.57
CZ75-Auto,0,Polymer,Glove Case,13,1,0.0,0.5,FT,2,1,0.29
CZ75-Auto,0,Polymer,Glove Case,13,1,0.0,0.5,WW,3,1,0.29
CZ75-Auto,0,Polymer,Glove Case,13,1,0.0,0.5,BS,4,1,0.29
CZ75-Auto,0,Polymer,Glove Case,13,1,0.0,0.5,FN,0,0,0.31
CZ75-Auto,0,Polymer,Glove Case,13,1,0.0,0.5,MW,1,0,0.13
CZ75-Auto,0,Polymer,Glove Case,13,1,0.0,0.5,FT,2,0,0.1
CZ75-Auto,0,Polymer,Glove Case,13,1,0.0,0.5,WW,3,0,0.1
CZ75-Auto,0,Polymer,Glove Case,13,1,0.0,0.5,BS,4,0,0.11
CZ75-Auto,0,Imprint,Gamma 2 Case,14,1,0.0,1.0,FN,0,1,2.31
CZ75-Auto,0,Imprint,Gamma 2 Case,14,1,0.0,1.0,MW,1,1,0.29
CZ75-Auto,0,Imprint,Gamma 2 Case,14,1,0.0,1.0,FT,2,1,0.15
CZ75-Auto,0,Imprint,Gamma 2 Case,14,1,0.0,1.0,WW,3,1,0.11
CZ75-Auto,0,Imprint,Gamma 2 Case,14,1,0.0,1.0,BS,4,1,0.12
CZ75-Auto,0,Imprint,Gamma 2 Case,14,1,0.0,1.0,FN,0,0,0.4
CZ75-Auto,0,Imprint,Gamma 2 Case,14,1,0.0,1.0,MW,1,0,0.11
CZ75-Auto,0,Imprint,Gamma 2 Case,14,1,0.0,1.0,FT,2,0,0.1
CZ75-Auto,0,Imprint,Gamma 2 Case,14,1,0.0,1.0,WW,3,0,0.09
CZ75-Auto,0,Imprint,Gamma 2 Case,14,1,0.0,1.0,BS,4,0,0.08
CZ75-Auto,0,Hexane,eSports 2014 Summer Case,15,1,0.0,0.4,FN,0,1,10.94
CZ75-Auto,0,Hexane,eSports 2014 Summer Case,15,1,0.0,0.4,MW,1,1,3.23
CZ75-Auto,0,Hexane,eSports 2014 Summer Case,15,1,0.0,0.4,FT,2,1,1.69
CZ75-Auto,0,Hexane,eSports 2014 Summer Case,15,1,0.0,0.4,WW,3,1,9.28
CZ75-Auto,0,Hexane,eSports 2014 Summer Case,15,1,0.0,0.4,FN,0,0,5.67
CZ75-Auto,0,Hexane,eSports 2014 Summer Case,15,1,0.0,0.4,MW,1,0,2.31
CZ75-Auto,0,Hexane,eSports 2014 Summer Case,15,1,0.0,0.4,FT,2,0,2.2
CZ75-Auto,0,Hexane,eSports 2014 Summer Case,15,1,0.0,0.4,WW,3,0,2.61
CZ75-Auto,0,Twist,Huntsman Weapon Case,16,1,0.0,1.0,FN,0,1,3.46
CZ75-Auto,0,Twist,Huntsman Weapon Case,16,1,0.0,1.0,MW,1,1,2.24
CZ75-Auto,0,Twist,Huntsman Weapon Case,16,1,0.0,1.0,FT,2,1,1.78
CZ75-Auto,0,Twist,Huntsman Weapon Case,16,1,0.0,1.0,WW,3,1,1.54
CZ75-Auto,0,Twist,Huntsman Weapon Case,16,1,0.0,1.0,BS,4,1,1.4
CZ75-Auto,0,Twist,Huntsman Weapon Case,16,1,0.0,1.0,FN,0,0,2.87
CZ75-Auto,0,Twist,Huntsman Weapon Case,16,1,0.0,1.0,MW,1,0,2.39
CZ75-Auto,0,Twist,Huntsman Weapon Case,16,1,0.0,1.0,FT,2,0,2.87
CZ75-Auto,0,Twist,Huntsman Weapon Case,16,1,0.0,1.0,WW,3,0,2.2
CZ75-Auto,0,Twist,Huntsman Weapon Case,16,1,0.0,1.0,BS,4,0,2.02
CZ75-Auto,0,Poison Dart,The Huntsman Collection,17,1,0.0,0.7,FN,0,1,26.99
CZ75-Auto,0,Poison Dart,The Huntsman Collection,17,1,0.0,0.7,MW,1,1,5.29
CZ75-Auto,0,Poison Dart,The Huntsman Collection,17,1,0.0,0.7,FT,2,1,2.3
CZ75-Auto,0,Poison Dart,The Huntsman Collection,17,1,0.0,0.7,WW,3,1,4.26
CZ75-Auto,0,Poison Dart,The Huntsman Collection,17,1,0.0,0.7,BS,4,1,2.23
CZ75-Auto,0,Poison Dart,The Huntsman Collection,17,1,0.0,0.7,FN,0,0,10.18
CZ75-Auto,0,Poison Dart,The Huntsman Collection,17,1,0.0,0.7,MW,1,0,3.14
CZ75-Auto,0,Poison Dart,The Huntsman Collection,17,1,0.0,0.7,FT,2,0,2.9
CZ75-Auto,0,Poison Dart,The Huntsman Collection,17,1,0.0,0.7,WW,3,0,40.25
CZ75-Auto,0,Poison Dart,The Huntsman Collection,17,1,0.0,0.7,BS,4,0,3.63
CZ75-Auto,0,Crimson Web,CS:GO Weapon Case 3,18,1,0.06,0.8,FN,0,1,87.77
CZ75-Auto,0,Crimson Web,CS:GO Weapon Case 3,18,1,0.06,0.8,MW,1,1,5.48
CZ75-Auto,0,Crimson Web,CS:GO Weapon Case 3,18,1,0.06,0.8,FT,2,1,2.9
CZ75-Auto,0,Crimson Web,CS:GO Weapon Case 3,18,1,0.06,0.8,WW,3,1,3.01
CZ75-Auto,0,Crimson Web,CS:GO Weapon Case 3,18,1,0.06,0.8,BS,4,1,2.37
CZ75-Auto,0,Crimson Web,CS:GO Weapon Case 3,18,1,0.06,0.8,FN,0,0,20.31
CZ75-Auto,0,Crimson Web,CS:GO Weapon Case 3,18,1,0.06,0.8,MW,1,0,1.86
CZ75-Auto,0,Crimson Web,CS:GO Weapon Case 3,18,1,0.06,0.8,FT,2,0,1.49
CZ75-Auto,0,Crimson Web,CS:GO Weapon Case 3,18,1,0.06,0.8,WW,3,0,1.69
CZ75-Auto,0,Crimson Web,CS:GO Weapon Case 3,18,1,0.06,0.8,BS,4,0,1.44
Desert Eagle,1,Ocean Drive,Operation Riptide Case,19,4,0.0,1.0,FN,0,1,639.56
Desert Eagle,1,Ocean Drive,Operation Riptide Case,19,4,0.0,1.0,MW,1,1,152.97
Desert Eagle,1,Ocean Drive,Operation Riptide Case,19,4,0.0,1.0,FT,2,1,63.25
Desert Eagle,1,Ocean Drive,Operation Riptide Case,19,4,0.0,1.0,WW,3,1,42.82
Desert Eagle,1,Ocean Drive,Operation Riptide Case,19,4,0.0,1.0,BS,4,1,41.51
Desert Eagle,1,Ocean Drive,Operation Riptide Case,19,4,0.0,1.0,FN,0,0,151.12
Desert Eagle,1,Ocean Drive,Operation Riptide Case,19,4,0.0,1.0,MW,1,0,46.62
Desert Eagle,1,Ocean Drive,Operation Riptide Case,19,4,0.0,1.0,FT,2,0,20.37
Desert Eagle,1,Ocean Drive,Operation Riptide Case,19,4,0.0,1.0,WW,3,0,15.72
Desert Eagle,1,Ocean Drive,Operation Riptide Case,19,4,0.0,1.0,BS,4,0,13.57
Desert Eagle,1,Printstream,Fracture Case,20,4,0.0,0.8,FN,0,1,227.96
Desert Eagle,1,Printstream,Fracture Case,20,4,0.0,0.8,MW,1,1,107.31
Desert Eagle,1,Printstream,Fracture Case,20,4,0.0,0.8,FT,2,1,73.37
Desert Eagle,1,Printstream,Fracture Case,20,4,0.0,0.8,WW,3,1,86.28
Desert Eagle,1,Printstream,Fracture Case,20,4,0.0,0.8,BS,4,1,64.59
Desert Eagle,1,Printstream,Fracture Case,20,4,0.0,0.8,FN,0,0,98.75
Desert Eagle,1,Printstream,Fracture Case,20,4,0.0,0.8,MW,1,0,54.97
Desert Eagle,1,Printstream,Fracture Case,20,4,0.0,0.8,FT,2,0,39.16
Desert Eagle,1,Printstream,Fracture Case,20,4,0.0,0.8,WW,3,0,38.33
Desert Eagle,1,Printstream,Fracture Case,20,4,0.0,0.8,BS,4,0,30.32
Desert Eagle,1,Code Red,Horizon Case,21,4,0.0,1.0,FN,0,1,229.78
Desert Eagle,1,Code Red,Horizon Case,21,4,0.0,1.0,MW,1,1,93.09
Desert Eagle,1,Code Red,Horizon Case,21,4,0.0,1.0,FT,2,1,54.54
Desert Eagle,1,Code Red,Horizon Case,21,4,0.0,1.0,WW,3,1,50.38
Desert Eagle,1,Code Red,Horizon Case,21,4,0.0,1.0,BS,4,1,42.04
Desert Eagle,1,Code Red,Horizon Case,21,4,0.0,1.0,FN,0,0,83.41
Desert Eagle,1,Code Red,Horizon Case,21,4,0.0,1.0,MW,1,0,36.98
Desert Eagle,1,Code Red,Horizon Case,21,4,0.0,1.0,FT,2,0,23.01
Desert Eagle,1,Code Red,Horizon Case,21,4,0.0,1.0,WW,3,0,19.12
Desert Eagle,1,Code Red,Horizon Case,21,4,0.0,1.0,BS,4,0,18.12
Desert Eagle,1,Golden Koi,Operation Bravo Case,22,4,0.0,0.12,FN,0,1,306.13
Desert Eagle,1,Golden Koi,Operation Bravo Case,22,4,0.0,0.12,MW,1,1,249.98
Desert Eagle,1,Golden Koi,Operation Bravo Case,22,4,0.0,0.12,FN,0,0,105.15
Desert Eagle,1,Golden Koi,Operation Bravo Case,22,4,0.0,0.12,MW,1,0,99.74
Desert Eagle,1,Mecha Industries,Danger Zone Case,23,3,0.0,0.6,FN,0,1,25.82
Desert Eagle,1,Mecha Industries,Danger Zone Case,23,3,0.0,0.6,MW,1,1,14.75
Desert Eagle,1,Mecha Industries,Danger Zone Case,23,3,0.0,0.6,FT,2,1,10.04
Desert Eagle,1,Mecha Industries,Danger Zone Case,23,3,0.0,0.6,WW,3,1,12.0
Desert Eagle,1,Mecha Industries,Danger Zone Case,23,3,0.0,0.6,BS,4,1,9.55
Desert Eagle,1,Mecha Industries,Danger Zone Case,23,3,0.0,0.6,FN,0,0,9.6
Desert Eagle,1,Mecha Industries,Danger Zone Case,23,3,0.0,0.6,MW,1,0,5.91
Desert Eagle,1,Mecha Industries,Danger Zone Case,23,3,0.0,0.6,FT,2,0,4.04
Desert Eagle,1,Mecha Industries,Danger Zone Case,23,3,0.0,0.6,WW,3,0,4.73
Desert Eagle,1,Mecha Industries,Danger Zone Case,23,3,0.0,0.6,BS,4,0,3.73
Desert Eagle,1,Kumicho Dragon,Operation Wildfire Case,24,3,0.0,0.76,FN,0,1,113.28
Desert Eagle,1,Kumicho Dragon,Operation Wildfire Case,24,3,0.0,0.76,MW,1,1,60.0
Desert Eagle,1,Kumicho Dragon,Operation Wildfire Case,24,3,0.0,0.76,FT,2,1,40.3
Desert Eagle,1,Kumicho Dragon,Operation Wildfire Case,24,3,0.0,0.76,WW,3,1,52.44
Desert Eagle,1,Kumicho Dragon,Operation Wildfire Case,24,3,0.0,0.76,BS,4,1,40.65
Desert Eagle,1,Kumicho Dragon,Operation Wildfire Case,24,3,0.0,0.76,FN,0,0,37.15
Desert Eagle,1,Kumicho Dragon,Operation Wildfire Case,24,3,0.0,0.76,MW,1,0,24.54
Desert Eagle,1,Kumicho Dragon,Operation Wildfire Case,24,3,0.0,0.76,FT,2,0,15.44
Desert Eagle,1,Kumicho Dragon,Operation Wildfire Case,24,3,0.0,0.76,WW,3,0,17.48
Desert Eagle,1,Kumicho Dragon,Operation Wildfire Case,24,3,0.0,0.76,BS,4,0,13.77
Desert Eagle,1,Conspiracy,Operation Breakout Weapon Case,25,3,0.0,0.3,FN,0,1,28.75
Desert Eagle,1,Conspiracy,Operation Breakout Weapon Case,25,3,0.0,0.3,MW,1,1,19.16
Desert Eagle,1,Conspiracy,Operation Breakout Weapon Case,25,3,0.0,0.3,FT,2,1,15.07
Desert Eagle,1,Conspiracy,Operation Breakout Weapon Case,25,3,0.0,0.3,FN,0,0,9.38
Desert Eagle,1,Conspiracy,Operation Breakout Weapon Case,25,3,0.0,0.3,MW,1,0,6.35
Desert Eagle,1,Conspiracy,Operation Breakout Weapon Case,25,3,0.0,0.3,FT,2,0,5.44
Desert Eagle,1,Cobalt Disruption,eSports 2013 Winter Case,26,3,0.0,0.2,FN,0,1,205.0
Desert Eagle,1,Cobalt Disruption,eSports 2013 Winter Case,26,3,0.0,0.2,MW,1,1,141.25
Desert Eagle,1,Cobalt Disruption,eSports 2013 Winter Case,26,3,0.0,0.2,FT,2,1,113.58
Desert Eagle,1,Cobalt Disruption,eSports 2013 Winter Case,26,3,0.0,0.2,FN,0,0,92.01
Desert Eagle,1,Cobalt Disruption,eSports 2013 Winter Case,26,3,0.0,0.2,MW,1,0,73.0
Desert Eagle,1,Cobalt Disruption,eSports 2013 Winter Case,26,3,0.0,0.2,FT,2,0,67.91
Desert Eagle,1,Hypnotic,CS:GO Weapon Case,27,3,0.0,0.08,FN,0,1,188.29
Desert Eagle,1,Hypnotic,CS:GO Weapon Case,27,3,0.0,0.08,MW,1,1,223.17
Desert Eagle,1,Hypnotic,CS:GO Weapon Case,27,3,0.0,0.08,FN,0,0,120.47
Desert Eagle,1,Hypnotic,CS:GO Weapon Case,27,3,0.0,0.08,MW,1,0,148.95
Desert Eagle,1,Trigger Discipline,Snakebite Case,28,2,0.0,0.97,FN,0,1,10.21
Desert Eagle,1,Trigger Discipline,Snakebite Case,28,2,0.0,0.97,MW,1,1,4.03
Desert Eagle,1,Trigger Discipline,Snakebite Case,28,2,0.0,0.97,FT,2,1,1.57
Desert Eagle,1,Trigger Discipline,Snakebite Case,28,2,0.0,0.97,WW,3,1,1.18
Desert Eagle,1,Trigger Discipline,Snakebite Case,28,2,0.0,0.97,BS,4,1,1.06
Desert Eagle,1,Trigger Discipline,Snakebite Case,28,2,0.0,0.97,FN,0,0,2.61
Desert Eagle,1,Trigger Discipline,Snakebite Case,28,2,0.0,0.97,MW,1,0,1.03
Desert Eagle,1,Trigger Discipline,Snakebite Case,28,2,0.0,0.97,FT,2,0,0.39
Desert Eagle,1,Trigger Discipline,Snakebite Case,28,2,0.0,0.97,WW,3,0,0.25
Desert Eagle,1,Trigger Discipline,Snakebite Case,28,2,0.0,0.97,BS,4,0,0.24
Desert Eagle,1,Light Rail,Prisma Case,29,2,0.0,0.9,FN,0,1,19.29
Desert Eagle,1,Light Rail,Prisma Case,29,2,0.0,0.9,MW,1,1,6.23
Desert Eagle,1,Light Rail,Prisma Case,29,2,0.0,0.9,FT,2,1,2.5
Desert Eagle,1,Light Rail,Prisma Case,29,2,0.0,0.9,WW,3,1,3.26
Desert Eagle,1,Light Rail,Prisma Case,29,2,0.0,0.9,BS,4,1,2.38
Desert Eagle,1,Light Rail,Prisma Case,29,2,0.0,0.9,FN,0,0,4.98
Desert Eagle,1,Light Rail,Prisma Case,29,2,0.0,0.9,MW,1,0,1.53
Desert Eagle,1,Light Rail,Prisma Case,29,2,0.0,0.9,FT,2,0,0.6
Desert Eagle,1,Light Rail,Prisma Case,29,2,0.0,0.9,WW,3,0,0.57
Desert Eagle,1,Light Rail,Prisma Case,29,2,0.0,0.9,BS,4,0,0.51
Desert Eagle,1,Directive,Gamma 2 Case,30,2,0.06,1.0,FN,0,1,57.46
Desert Eagle,1,Directive,Gamma 2 Case,30,2,0.06,1.0,MW,1,1,7.26
Desert Eagle,1,Directive,Gamma 2 Case,30,2,0.06,1.0,FT,2,1,1.53
Desert Eagle,1,Directive,Gamma 2 Case,30,2,0.06,1.0,WW,3,1,1.42
Desert Eagle,1,Directive,Gamma 2 Case,30,2,0.06,1.0,BS,4,1,1.28
Desert Eagle,1,Directive,Gamma 2 Case,30,2,0.06,1.0,FN,0,0,11.04
Desert Eagle,1,Directive,Gamma 2 Case,30,2,0.06,1.0,MW,1,0,1.47
Desert Eagle,1,Directive,Gamma 2 Case,30,2,0.06,1.0,FT,2,0,0.31
Desert Eagle,1,Directive,Gamma 2 Case,30,2,0.06,1.0,WW,3,0,0.28
Desert Eagle,1,Directive,Gamma 2 Case,30,2,0.06,1.0,BS,4,0,0.27
Desert Eagle,1,Naga,Chroma Case,31,2,0.0,1.0,FN,0,1,24.05
Desert Eagle,1,Naga,Chroma Case,31,2,0.0,1.0,MW,1,1,7.3
Desert Eagle,1,Naga,Chroma Case,31,2,0.0,1.0,FT,2,1,3.74
Desert Eagle,1,Naga,Chroma Case,31,2,0.0,1.0,WW,3,1,3.74
Desert Eagle,1,Naga,Chroma Case,31,2,0.0,1.0,BS,4,1,3.84
Desert Eagle,1,Naga,Chroma Case,31,2,0.0,1.0,FN,0,0,6.93
Desert Eagle,1,Naga,Chroma Case,31,2,0.0,1.0,MW,1,0,2.38
Desert Eagle,1,Naga,Chroma Case,31,2,0.0,1.0,FT,2,0,1.43
Desert Eagle,1,Naga,Chroma Case,31,2,0.0,1.0,WW,3,0,1.24
Desert Eagle,1,Naga,Chroma Case,31,2,0.0,1.0,BS,4,0,1.24
Desert Eagle,1,Crimson Web,eSports 2014 Summer Case,18,2,0.06,0.8,FN,0,1,459.96
Desert Eagle,1,Crimson Web,eSports 2014 Summer Case,18,2,0.06,0.8,MW,1,1,66.78
Desert Eagle,1,Crimson Web,eSports 2014 Summer Case,18,2,0.06,0.8,FT,2,1,15.61
Desert Eagle,1,Crimson Web,eSports 2014 Summer Case,18,2,0.06,0.8,WW,3,1,13.6
Desert Eagle,1,Crimson Web,eSports 2014 Summer Case,18,2,0.06,0.8,BS,4,1,14.06
Desert Eagle,1,Crimson Web,eSports 2014 Summer Case,18,2,0.06,0.8,FN,0,0,139.79
Desert Eagle,1,Crimson Web,eSports 2014 Summer Case,18,2,0.06,0.8,MW,1,0,25.0
Desert Eagle,1,Crimson Web,eSports 2014 Summer Case,18,2,0.06,0.8,FT,2,0,7.49
Desert Eagle,1,Crimson Web,eSports 2014 Summer Case,18,2,0.06,0.8,WW,3,0,9.06
Desert Eagle,1,Crimson Web,eSports 2014 Summer Case,18,2,0.06,0.8,BS,4,0,8.41
Desert Eagle,1,Heirloom,CS:GO Weapon Case 3,32,2,0.0,0.8,FN,0,1,75.24
Desert Eagle,1,Heirloom,CS:GO Weapon Case 3,32,2,0.0,0.8,MW,1,1,26.83
Desert Eagle,1,Heirloom,CS:GO Weapon Case 3,32,2,0.0,0.8,FT,2,1,14.43
Desert Eagle,1,Heirloom,CS:GO Weapon Case 3,32,2,0.0,0.8,WW,3,1,21.02
Desert Eagle,1,Heirloom,CS:GO Weapon Case 3,32,2,0.0,0.8,BS,4,1,14.54
Desert Eagle,1,Heirloom,CS:GO Weapon Case 3,32,2,0.0,0.8,FN,0,0,16.91
Desert Eagle,1,Heirloom,CS:GO Weapon Case 3,32,2,0.0,0.8,MW,1,0,8.36
Desert Eagle,1,Heirloom,CS:GO Weapon Case 3,32,2,0.0,0.8,FT,2,0,6.01
Desert Eagle,1,Heirloom,CS:GO Weapon Case 3,32,2,0.0,0.8,WW,3,0,7.54
Desert Eagle,1,Heirloom,CS:GO Weapon Case 3,32,2,0.0,0.8,BS,4,0,5.35
Desert Eagle,1,Blue Ply,Prisma 2 Case,33,1,0.0,1.0,FN,0,1,8.7
Desert Eagle,1,Blue Ply,Prisma 2 Case,33,1,0.0,1.0,MW,1,1,1.34
Desert Eagle,1,Blue Ply,Prisma 2 Case,33,1,0.0,1.0,FT,2,1,0.59
Desert Eagle,1,Blue Ply,Prisma 2 Case,33,1,0.0,1.0,WW,3,1,0.5
Desert Eagle,1,Blue Ply,Prisma 2 Case,33,1,0.0,1.0,BS,4,1,0.5
Desert Eagle,1,Blue Ply,Prisma 2 Case,33,1,0.0,1.0,FN,0,0,1.19
Desert Eagle,1,Blue Ply,Prisma 2 Case,33,1,0.0,1.0,MW,1,0,0.23
Desert Eagle,1,Blue Ply,Prisma 2 Case,33,1,0.0,1.0,FT,2,0,0.13
Desert Eagle,1,Blue Ply,Prisma 2 Case,33,1,0.0,1.0,WW,3,0,0.1
Desert Eagle,1,Blue Ply,Prisma 2 Case,33,1,0.0,1.0,BS,4,0,0.1
Desert Eagle,1,Oxide Blaze,Spectrum Case,34,1,0.0,0.5,FN,0,1,2.01
Desert Eagle,1,Oxide Blaze,Spectrum Case,34,1,0.0,0.5,MW,1,1,1.26
Desert Eagle,1,Oxide Blaze,Spectrum Case,34,1,0.0,0.5,FT,2,1,0.85
Desert Eagle,1,Oxide Blaze,Spectrum Case,34,1,0.0,0.5,WW,3,1,1.09
Desert Eagle,1,Oxide Blaze,Spectrum Case,34,1,0.0,0.5,BS,4,1,2.12
Desert Eagle,1,Oxide Blaze,Spectrum Case,34,1,0.0,0.5,FN,0,0,0.41
Desert Eagle,1,Oxide Blaze,Spectrum Case,34,1,0.0,0.5,MW,1,0,0.26
Desert Eagle,1,Oxide Blaze,Spectrum Case,34,1,0.0,0.5,FT,2,0,0.2
Desert Eagle,1,Oxide Blaze,Spectrum Case,34,1,0.0,0.5,WW,3,0,0.21
Desert Eagle,1,Oxide Blaze,Spectrum Case,34,1,0.0,0.5,BS,4,0,0.21
Desert Eagle,1,Corinthian,Revolver Case,35,1,0.0,0.44,FN,0,1,4.0
Desert Eagle,1,Corinthian,Revolver Case,35,1,0.0,0.44,MW,1,1,2.5
Desert Eagle,1,Corinthian,Revolver Case,35,1,0.0,0.44,FT,2,1,1.79
Desert Eagle,1,Corinthian,Revolver Case,35,1,0.0,0.44,WW,3,1,4.11
Desert Eagle,1,Corinthian,Revolver Case,35,1,0.0,0.44,FN,0,0,0.72
Desert Eagle,1,Corinthian,Revolver Case,35,1,0.0,0.44,MW,1,0,0.36
Desert Eagle,1,Corinthian,Revolver Case,35,1,0.0,0.44,FT,2,0,0.23
Desert Eagle,1,Corinthian,Revolver Case,35,1,0.0,0.44,WW,3,0,0.36
Desert Eagle,1,Bronze Deco,Chroma 2 Case,36,1,0.0,0.46,FN,0,1,2.5
Desert Eagle,1,Bronze Deco,Chroma 2 Case,36,1,0.0,0.46,MW,1,1,1.52
Desert Eagle,1,Bronze Deco,Chroma 2 Case,36,1,0.0,0.46,FT,2,1,0.57
Desert Eagle,1,Bronze Deco,Chroma 2 Case,36,1,0.0,0.46,WW,3,1,1.08
Desert Eagle,1,Bronze Deco,Chroma 2 Case,36,1,0.0,0.46,BS,4,1,5.4
Desert Eagle,1,Bronze Deco,Chroma 2 Case,36,1,0.0,0.46,FN,0,0,0.74
Desert Eagle,1,Bronze Deco,Chroma 2 Case,36,1,0.0,0.46,MW,1,0,0.37
Desert Eagle,1,Bronze Deco,Chroma 2 Case,36,1,0.0,0.46,FT,2,0,0.16
Desert Eagle,1,Bronze Deco,Chroma 2 Case,36,1,0.0,0.46,WW,3,0,0.21
Desert Eagle,1,Bronze Deco,Chroma 2 Case,36,1,0.0,0.46,BS,4,0,1.2
Dual Berettas,2,Melondrama,Dreams & Nightmares Case,37,3,0.0,1.0,FN,0,1,25.1
Dual Berettas,2,Melondrama,Dreams & Nightmares Case,37,3,0.0,1.0,MW,1,1,6.9
Dual Berettas,2,Melondrama,Dreams & Nightmares Case,37,3,0.0,1.0,FT,2,1,2.73
Dual Berettas,2,Melondrama,Dreams & Nightmares Case,37,3,0.0,1.0,WW,3,1,2.14
Dual Berettas,2,Melondrama,Dreams & Nightmares Case,37,3,0.0,1.0,BS,4,1,2.14
Dual Berettas,2,Melondrama,Dreams & Nightmares Case,37,3,0.0,1.0,FN,0,0,9.26
Dual Berettas,2,Melondrama,Dreams & Nightmares Case,37,3,0.0,1.0,MW,1,0,3.36
Dual Berettas,2,Melondrama,Dreams & Nightmares Case,37,3,0.0,1.0,FT,2,0,1.5
Dual Berettas,2,Melondrama,Dreams & Nightmares Case,37,3,0.0,1.0,WW,3,0,1.26
Dual Berettas,2,Melondrama,Dreams & Nightmares Case,37,3,0.0,1.0,BS,4,0,1.26
Dual Berettas,2,Cobra Strike,Operation Hydra Case,38,3,0.0,0.6,FN,0,1,163.83
Dual Berettas,2,Cobra Strike,Operation Hydra Case,38,3,0.0,0.6,MW,1,1,150.0
Dual Berettas,2,Cobra Strike,Operation Hydra Case,38,3,0.0,0.6,FT,2,1,83.12
Dual Berettas,2,Cobra Strike,Operation Hydra Case,38,3,0.0,0.6,WW,3,1,75.68
Dual Berettas,2,Cobra Strike,Operation Hydra Case,38,3,0.0,0.6,BS,4,1,79.87
Dual Berettas,2,Cobra Strike,Operation Hydra Case,38,3,0.0,0.6,FN,0,0,66.62
Dual Berettas,2,Cobra Strike,Operation Hydra Case,38,3,0.0,0.6,MW,1,0,52.1
Dual Berettas,2,Cobra Strike,Operation Hydra Case,38,3,0.0,0.6,FT,2,0,46.0
Dual Berettas,2,Cobra Strike,Operation Hydra Case,38,3,0.0,0.6,WW,3,0,45.56
Dual Berettas,2,Cobra Strike,Operation Hydra Case,38,3,0.0,0.6,BS,4,0,45.8
Dual Berettas,2,Flora Carnivora,Recoil Case,39,2,0.0,1.0,FN,0,1,7.66
Dual Berettas,2,Flora Carnivora,Recoil Case,39,2,0.0,1.0,MW,1,1,2.76
Dual Berettas,2,Flora Carnivora,Recoil Case,39,2,0.0,1.0,FT,2,1,1.15
Dual Berettas,2,Flora Carnivora,Recoil Case,39,2,0.0,1.0,WW,3,1,0.96
Dual Berettas,2,Flora Carnivora,Recoil Case,39,2,0.0,1.0,BS,4,1,0.87
Dual Berettas,2,Flora Carnivora,Recoil Case,39,2,0.0,1.0,FN,0,0,2.69
Dual Berettas,2,Flora Carnivora,Recoil Case,39,2,0.0,1.0,MW,1,0,1.0
Dual Berettas,2,Flora Carnivora,Recoil Case,39,2,0.0,1.0,FT,2,0,0.54
Dual Berettas,2,Flora Carnivora,Recoil Case,39,2,0.0,1.0,WW,3,0,0.46
Dual Berettas,2,Flora Carnivora,Recoil Case,39,2,0.0,1.0,BS,4,0,0.4
Dual Berettas,2,Dezastre,Operation Broken Fang Case,40,2,0.0,1.0,FN,0,1,16.59
Dual Berettas,2,Dezastre,Operation Broken Fang Case,40,2,0.0,1.0,MW,1,1,8.1
Dual Berettas,2,Dezastre,Operation Broken Fang Case,40,2,0.0,1.0,FT,2,1,3.47
Dual Berettas,2,Dezastre,Operation Broken Fang Case,40,2,0.0,1.0,WW,3,1,2.81
Dual Berettas,2,Dezastre,Operation Broken Fang Case,40,2,0.0,1.0,BS,4,1,2.53
Dual Berettas,2,Dezastre,Operation Broken Fang Case,40,2,0.0,1.0,FN,0,0,7.67
Dual Berettas,2,Dezastre,Operation Broken Fang Case,40,2,0.0,1.0,MW,1,0,3.94
Dual Berettas,2,Dezastre,Operation Broken Fang Case,40,2,0.0,1.0,FT,2,0,2.81
Dual Berettas,2,Dezastre,Operation Broken Fang Case,40,2,0.0,1.0,WW,3,0,1.87
Dual Berettas,2,Dezastre,Operation Broken Fang Case,40,2,0.0,1.0,BS,4,0,1.88
Dual Berettas,2,Royal Consorts,Glove Case,41,2,0.0,1.0,FN,0,1,12.03
Dual Berettas,2,Royal Consorts,Glove Case,41,2,0.0,1.0,MW,1,1,3.39
Dual Berettas,2,Royal Consorts,Glove Case,41,2,0.0,1.0,FT,2,1,0.93
Dual Berettas,2,Royal Consorts,Glove Case,41,2,0.0,1.0,WW,3,1,0.76
Dual Berettas,2,Royal Consorts,Glove Case,41,2,0.0,1.0,BS,4,1,0.95
Dual Berettas,2,Royal Consorts,Glove Case,41,2,0.0,1.0,FN,0,0,3.1
Dual Berettas,2,Royal Consorts,Glove Case,41,2,0.0,1.0,MW,1,0,1.07
Dual Berettas,2,Royal Consorts,Glove Case,41,2,0.0,1.0,FT,2,0,0.43
Dual Berettas,2,Royal Consorts,Glove Case,41,2,0.0,1.0,WW,3,0,0.29
Dual Berettas,2,Royal Consorts,Glove Case,41,2,0.0,1.0,BS,4,0,0.3
Dual Berettas,2,Urban Shock,Chroma Case,42,2,0.0,0.47,FN,0,1,8.69
Dual Berettas,2,Urban Shock,Chroma Case,42,2,0.0,0.47,MW,1,1,6.75
Dual Berettas,2,Urban Shock,Chroma Case,42,2,0.0,0.47,FT,2,1,5.0
Dual Berettas,2,Urban Shock,Chroma Case,42,2,0.0,0.47,WW,3,1,3.75
Dual Berettas,2,Urban Shock,Chroma Case,42,2,0.0,0.47,BS,4,1,4.39
Dual Berettas,2,Urban Shock,Chroma Case,42,2,0.0,0.47,FN,0,0,3.08
Dual Berettas,2,Urban Shock,Chroma Case,42,2,0.0,0.47,MW,1,0,2.14
Dual Berettas,2,Urban Shock,Chroma Case,42,2,0.0,0.47,FT,2,0,1.38
Dual Berettas,2,Urban Shock,Chroma Case,42,2,0.0,0.47,WW,3,0,1.41
Dual Berettas,2,Urban Shock,Chroma Case,42,2,0.0,0.47,BS,4,0,1.88
Dual Berettas,2,Marina,Winter Offensive Weapon Case,43,2,0.05,0.5,FN,0,1,69.26
Dual Berettas,2,Marina,Winter Offensive Weapon Case,43,2,0.05,0.5,MW,1,1,14.45
Dual Berettas,2,Marina,Winter Offensive Weapon Case,43,2,0.05,0.5,FT,2,1,10.9
Dual Berettas,2,Marina,Winter Offensive Weapon Case,43,2,0.05,0.5,WW,3,1,10.92
Dual Berettas,2,Marina,Winter Offensive Weapon Case,43,2,0.05,0.5,BS,4,1,13.85
Dual Berettas,2,Marina,Winter Offensive Weapon Case,43,2,0.05,0.5,FN,0,0,23.17
Dual Berettas,2,Marina,Winter Offensive Weapon Case,43,2,0.05,0.5,MW,1,0,6.23
Dual Berettas,2,Marina,Winter Offensive Weapon Case,43,2,0.05,0.5,FT,2,0,5.01
Dual Berettas,2,Marina,Winter Offensive Weapon Case,43,2,0.05,0.5,WW,3,0,6.28
Dual Berettas,2,Marina,Winter Offensive Weapon Case,43,2,0.05,0.5,BS,4,0,9.4
Dual Berettas,2,Hemoglobin,CS:GO Weapon Case 2,44,2,0.0,0.2,FN,0,1,28.26
Dual Berettas,2,Hemoglobin,CS:GO Weapon Case 2,44,2,0.0,0.2,MW,1,1,23.94
Dual Berettas,2,Hemoglobin,CS:GO Weapon Case 2,44,2,0.0,0.2,FT,2,1,19.63
Dual Berettas,2,Hemoglobin,CS:GO Weapon Case 2,44,2,0.0,0.2,FN,0,0,12.56
Dual Berettas,2,Hemoglobin,CS:GO Weapon Case 2,44,2,0.0,0.2,MW,1,0,11.16
Dual Berettas,2,Hemoglobin,CS:GO Weapon Case 2,44,2,0.0,0.2,FT,2,0,11.07
Dual Berettas,2,Tread,Operation Riptide Case,45,1,0.0,1.0,FN,0,1,4.88
Dual Berettas,2,Tread,Operation Riptide Case,45,1,0.0,1.0,MW,1,1,2.35
Dual Berettas,2,Tread,Operation Riptide Case,45,1,0.0,1.0,FT,2,1,0.73
Dual Berettas,2,Tread,Operation Riptide Case,45,1,0.0,1.0,WW,3,1,0.4
Dual Berettas,2,Tread,Operation Riptide Case,45,1,0.0,1.0,BS,4,1,0.42
Dual Berettas,2,Tread,Operation Riptide Case,45,1,0.0,1.0,FN,0,0,1.26
Dual Berettas,2,Tread,Operation Riptide Case,45,1,0.0,1.0,MW,1,0,0.83
Dual Berettas,2,Tread,Operation Riptide Case,45,1,0.0,1.0,FT,2,0,0.66
Dual Berettas,2,Tread,Operation Riptide Case,45,1,0.0,1.0,WW,3,0,0.31
Dual Berettas,2,Tread,Operation Riptide Case,45,1,0.0,1.0,BS,4,0,0.29
Dual Berettas,2,Balance,Shattered Web Case,46,1,0.0,1.0,FN,0,1,8.08
Dual Berettas,2,Balance,Shattered Web Case,46,1,0.0,1.0,MW,1,1,2.18
Dual Berettas,2,Balance,Shattered Web Case,46,1,0.0,1.0,FT,2,1,1.3
Dual Berettas,2,Balance,Shattered Web Case,46,1,0.0,1.0,WW,3,1,0.93
Dual Berettas,2,Balance,Shattered Web Case,46,1,0.0,1.0,BS,4,1,1.03
Dual Berettas,2,Balance,Shattered Web Case,46,1,0.0,1.0,FN,0,0,3.22
Dual Berettas,2,Balance,Shattered Web Case,46,1,0.0,1.0,MW,1,0,1.15
Dual Berettas,2,Balance,Shattered Web Case,46,1,0.0,1.0,FT,2,0,1.11
Dual Berettas,2,Balance,Shattered Web Case,46,1,0.0,1.0,WW,3,0,1.01
Dual Berettas,2,Balance,Shattered Web Case,46,1,0.0,1.0,BS,4,0,1.08
Dual Berettas,2,Elite 1.6,CS20 Case,47,1,0.0,0.7,FN,0,1,1.23
Dual Berettas,2,Elite 1.6,CS20 Case,47,1,0.0,0.7,MW,1,1,0.37
Dual Berettas,2,Elite 1.6,CS20 Case,47,1,0.0,0.7,FT,2,1,0.18
Dual Berettas,2,Elite 1.6,CS20 Case,47,1,0.0,0.7,WW,3,1,0.43
Dual Berettas,2,Elite 1.6,CS20 Case,47,1,0.0,0.7,BS,4,1,0.19
Dual Berettas,2,Elite 1.6,CS20 Case,47,1,0.0,0.7,FN,0,0,0.27
Dual Berettas,2,Elite 1.6,CS20 Case,47,1,0.0,0.7,MW,1,0,0.14
Dual Berettas,2,Elite 1.6,CS20 Case,47,1,0.0,0.7,FT,2,0,0.15
Dual Berettas,2,Elite 1.6,CS20 Case,47,1,0.0,0.7,WW,3,0,0.12
Dual Berettas,2,Elite 1.6,CS20 Case,47,1,0.0,0.7,BS,4,0,0.1
Dual Berettas,2,Shred,Horizon Case,48,1,0.0,0.5,FN,0,1,1.76
Dual Berettas,2,Shred,Horizon Case,48,1,0.0,0.5,MW,1,1,0.72
Dual Berettas,2,Shred,Horizon Case,48,1,0.0,0.5,FT,2,1,0.32
Dual Berettas,2,Shred,Horizon Case,48,1,0.0,0.5,WW,3,1,0.81
Dual Berettas,2,Shred,Horizon Case,48,1,0.0,0.5,BS,4,1,0.3
Dual Berettas,2,Shred,Horizon Case,48,1,0.0,0.5,FN,0,0,0.37
Dual Berettas,2,Shred,Horizon Case,48,1,0.0,0.5,MW,1,0,0.23
Dual Berettas,2,Shred,Horizon Case,48,1,0.0,0.5,FT,2,0,0.14
Dual Berettas,2,Shred,Horizon Case,48,1,0.0,0.5,WW,3,0,0.13
Dual Berettas,2,Shred,Horizon Case,48,1,0.0,0.5,BS,4,0,0.12
Dual Berettas,2,Ventilators,Chroma 3 Case,49,1,0.0,0.45,FN,0,1,1.22
Dual Berettas,2,Ventilators,Chroma 3 Case,49,1,0.0,0.45,MW,1,1,0.46
Dual Berettas,2,Ventilators,Chroma 3 Case,49,1,0.0,0.45,FT,2,1,0.21
Dual Berettas,2,Ventilators,Chroma 3 Case,49,1,0.0,0.45,WW,3,1,0.37
Dual Berettas,2,Ventilators,Chroma 3 Case,49,1,0.0,0.45,FN,0,0,0.26
Dual Berettas,2,Ventilators,Chroma 3 Case,49,1,0.0,0.45,MW,1,0,0.13
Dual Berettas,2,Ventilators,Chroma 3 Case,49,1,0.0,0.45,FT,2,0,0.08
Dual Berettas,2,Ventilators,Chroma 3 Case,49,1,0.0,0.45,WW,3,0,0.08
Dual Berettas,2,Cartel,Operation Wildfire Case,50,1,0.0,1.0,FN,0,1,5.83
Dual Berettas,2,Cartel,Operation Wildfire Case,50,1,0.0,1.0,MW,1,1,1.04
Dual Berettas,2,Cartel,Operation Wildfire Case,50,1,0.0,1.0,FT,2,1,0.58
Dual Berettas,2,Cartel,Operation Wildfire Case,50,1,0.0,1.0,WW,3,1,0.46
Dual Berettas,2,Cartel,Operation Wildfire Case,50,1,0.0,1.0,BS,4,1,0.46
Dual Berettas,2,Cartel,Operation Wildfire Case,50,1,0.0,1.0,FN,0,0,1.58
Dual Berettas,2,Cartel,Operation Wildfire Case,50,1,0.0,1.0,MW,1,0,0.57
Dual Berettas,2,Cartel,Operation Wildfire Case,50,1,0.0,1.0,FT,2,0,0.61
Dual Berettas,2,Cartel,Operation Wildfire Case,50,1,0.0,1.0,WW,3,0,0.39
Dual Berettas,2,Cartel,Operation Wildfire Case,50,1,0.0,1.0,BS,4,0,0.37
Dual Berettas,2,Dualing Dragons,Shadow Case,51,1,0.0,1.0,FN,0,1,9.43
Dual Berettas,2,Dualing Dragons,Shadow Case,51,1,0.0,1.0,MW,1,1,1.4
Dual Berettas,2,Dualing Dragons,Shadow Case,51,1,0.0,1.0,FT,2,1,0.64
Dual Berettas,2,Dualing Dragons,Shadow Case,51,1,0.0,1.0,WW,3,1,0.46
Dual Berettas,2,Dualing Dragons,Shadow Case,51,1,0.0,1.0,BS,4,1,0.52
Dual Berettas,2,Dualing Dragons,Shadow Case,51,1,0.0,1.0,FN,0,0,2.49
Dual Berettas,2,Dualing Dragons,Shadow Case,51,1,0.0,1.0,MW,1,0,0.51
Dual Berettas,2,Dualing Dragons,Shadow Case,51,1,0.0,1.0,FT,2,0,0.24
Dual Berettas,2,Dualing Dragons,Shadow Case,51,1,0.0,1.0,WW,3,0,0.18
Dual Berettas,2,Dualing Dragons,Shadow Case,51,1,0.0,1.0,BS,4,0,0.18
Dual Berettas,2,Retribution,The Huntsman Collection,52,1,0.0,0.45,FN,0,1,5.55
Dual Berettas,2,Retribution,The Huntsman Collection,52,1,0.0,0.45,MW,1,1,3.22
Dual Berettas,2,Retribution,The Huntsman Collection,52,1,0.0,0.45,FT,2,1,2.09
Dual Berettas,2,Retribution,The Huntsman Collection,52,1,0.0,0.45,WW,3,1,5.34
Dual Berettas,2,Retribution,The Huntsman Collection,52,1,0.0,0.45,FN,0,0,5.02
Dual Berettas,2,Retribution,The Huntsman Collection,52,1,0.0,0.45,MW,1,0,3.87
Dual Berettas,2,Retribution,The Huntsman Collection,52,1,0.0,0.45,FT,2,0,4.86
Dual Berettas,2,Retribution,The Huntsman Collection,52,1,0.0,0.45,WW,3,0,8.48
Dual Berettas,2,Panther,CS:GO Weapon Case 3,53,1,0.0,0.58,FN,0,1,9.82
Dual Berettas,2,Panther,CS:GO Weapon Case 3,53,1,0.0,0.58,MW,1,1,5.21
Dual Berettas,2,Panther,CS:GO Weapon Case 3,53,1,0.0,0.58,FT,2,1,3.05
Dual Berettas,2,Panther,CS:GO Weapon Case 3,53,1,0.0,0.58,WW,3,1,6.0
Dual Berettas,2,Panther,CS:GO Weapon Case 3,53,1,0.0,0.58,BS,4,1,2.56
Dual Berettas,2,Panther,CS:GO Weapon Case 3,53,1,0.0,0.58,FN,0,0,3.36
Dual Berettas,2,Panther,CS:GO Weapon Case 3,53,1,0.0,0.58,MW,1,0,2.5
Dual Berettas,2,Panther,CS:GO Weapon Case 3,53,1,0.0,0.58,FT,2,0,2.14
Dual Berettas,2,Panther,CS:GO Weapon Case 3,53,1,0.0,0.58,WW,3,0,2.5
Dual Berettas,2,Panther,CS:GO Weapon Case 3,53,1,0.0,0.58,BS,4,0,2.61
Dual Berettas,2,Black Limba,Operation Bravo Case,54,1,0.06,0.8,FN,0,1,60.22
Dual Berettas,2,Black Limba,Operation Bravo Case,54,1,0.06,0.8,MW,1,1,7.98
Dual Berettas,2,Black Limba,Operation Bravo Case,54,1,0.06,0.8,FT,2,1,6.5
Dual Berettas,2,Black Limba,Operation Bravo Case,54,1,0.06,0.8,WW,3,1,7.2
Dual Berettas,2,Black Limba,Operation Bravo Case,54,1,0.06,0.8,BS,4,1,6.02
Dual Berettas,2,Black Limba,Operation Bravo Case,54,1,0.06,0.8,FN,0,0,24.03
Dual Berettas,2,Black Limba,Operation Bravo Case,54,1,0.06,0.8,MW,1,0,7.99
Dual Berettas,2,Black Limba,Operation Bravo Case,54,1,0.06,0.8,FT,2,0,7.31
Dual Berettas,2,Black Limba,Operation Bravo Case,54,1,0.06,0.8,WW,3,0,7.59
Dual Berettas,2,Black Limba,Operation Bravo Case,54,1,0.06,0.8,BS,4,0,6.97
Five-SeveN,3,Angry Mob,Prisma Case,55,4,0.0,0.7,FN,0,1,48.99
Five-SeveN,3,Angry Mob,Prisma Case,55,4,0.0,0.7,MW,1,1,20.14
Five-SeveN,3,Angry Mob,Prisma Case,55,4,0.0,0.7,FT,2,1,9.46
Five-SeveN,3,Angry Mob,Prisma Case,55,4,0.0,0.7,WW,3,1,12.42
Five-SeveN,3,Angry Mob,Prisma Case,55,4,0.0,0.7,BS,4,1,9.11
Five-SeveN,3,Angry Mob,Prisma Case,55,4,0.0,0.7,FN,0,0,12.22
Five-SeveN,3,Angry Mob,Prisma Case,55,4,0.0,0.7,MW,1,0,6.28
Five-SeveN,3,Angry Mob,Prisma Case,55,4,0.0,0.7,FT,2,0,2.99
Five-SeveN,3,Angry Mob,Prisma Case,55,4,0.0,0.7,WW,3,0,4.72
Five-SeveN,3,Angry Mob,Prisma Case,55,4,0.0,0.7,BS,4,0,2.72
Five-SeveN,3,Hyper Beast,Operation Hydra Case,56,4,0.0,1.0,FN,0,1,631.92
Five-SeveN,3,Hyper Beast,Operation Hydra Case,56,4,0.0,1.0,MW,1,1,203.97
Five-SeveN,3,Hyper Beast,Operation Hydra Case,56,4,0.0,1.0,FT,2,1,111.89
Five-SeveN,3,Hyper Beast,Operation Hydra Case,56,4,0.0,1.0,WW,3,1,81.92
Five-SeveN,3,Hyper Beast,Operation Hydra Case,56,4,0.0,1.0,BS,4,1,90.85
Five-SeveN,3,Hyper Beast,Operation Hydra Case,56,4,0.0,1.0,FN,0,0,146.77
Five-SeveN,3,Hyper Beast,Operation Hydra Case,56,4,0.0,1.0,MW,1,0,51.33
Five-SeveN,3,Hyper Beast,Operation Hydra Case,56,4,0.0,1.0,FT,2,0,32.75
Five-SeveN,3,Hyper Beast,Operation Hydra Case,56,4,0.0,1.0,WW,3,0,27.63
Five-SeveN,3,Hyper Beast,Operation Hydra Case,56,4,0.0,1.0,BS,4,0,27.03
Five-SeveN,3,Fairy Tale,Operation Broken Fang Case,57,3,0.02,0.9,FN,0,1,144.59
Five-SeveN,3,Fairy Tale,Operation Broken Fang Case,57,3,0.02,0.9,MW,1,1,60.74
Five-SeveN,3,Fairy Tale,Operation Broken Fang Case,57,3,0.02,0.9,FT,2,1,25.72
Five-SeveN,3,Fairy Tale,Operation Broken Fang Case,57,3,0.02,0.9,WW,3,1,24.08
Five-SeveN,3,Fairy Tale,Operation Broken Fang Case,57,3,0.02,0.9,BS,4,1,20.9
Five-SeveN,3,Fairy Tale,Operation Broken Fang Case,57,3,0.02,0.9,FN,0,0,55.7
Five-SeveN,3,Fairy Tale,Operation Broken Fang Case,57,3,0.02,0.9,MW,1,0,28.61
Five-SeveN,3,Fairy Tale,Operation Broken Fang Case,57,3,0.02,0.9,FT,2,0,17.45
Five-SeveN,3,Fairy Tale,Operation Broken Fang Case,57,3,0.02,0.9,WW,3,0,16.5
Five-SeveN,3,Fairy Tale,Operation Broken Fang Case,57,3,0.02,0.9,BS,4,0,15.1
Five-SeveN,3,Monkey Business,Chroma 2 Case,58,3,0.1,0.9,MW,1,1,43.67
Five-SeveN,3,Monkey Business,Chroma 2 Case,58,3,0.1,0.9,FT,2,1,6.62
Five-SeveN,3,Monkey Business,Chroma 2 Case,58,3,0.1,0.9,WW,3,1,4.99
Five-SeveN,3,Monkey Business,Chroma 2 Case,58,3,0.1,0.9,BS,4,1,5.89
Five-SeveN,3,Monkey Business,Chroma 2 Case,58,3,0.1,0.9,MW,1,0,13.82
Five-SeveN,3,Monkey Business,Chroma 2 Case,58,3,0.1,0.9,FT,2,0,2.73
Five-SeveN,3,Monkey Business,Chroma 2 Case,58,3,0.1,0.9,WW,3,0,2.2
Five-SeveN,3,Monkey Business,Chroma 2 Case,58,3,0.1,0.9,BS,4,0,2.08
Five-SeveN,3,Fowl Play,Operation Breakout Weapon Case,59,3,0.0,1.0,FN,0,1,31.59
Five-SeveN,3,Fowl Play,Operation Breakout Weapon Case,59,3,0.0,1.0,MW,1,1,12.57
Five-SeveN,3,Fowl Play,Operation Breakout Weapon Case,59,3,0.0,1.0,FT,2,1,6.38
Five-SeveN,3,Fowl Play,Operation Breakout Weapon Case,59,3,0.0,1.0,WW,3,1,5.61
Five-SeveN,3,Fowl Play,Operation Breakout Weapon Case,59,3,0.0,1.0,BS,4,1,5.37
Five-SeveN,3,Fowl Play,Operation Breakout Weapon Case,59,3,0.0,1.0,FN,0,0,8.52
Five-SeveN,3,Fowl Play,Operation Breakout Weapon Case,59,3,0.0,1.0,MW,1,0,3.91
Five-SeveN,3,Fowl Play,Operation Breakout Weapon Case,59,3,0.0,1.0,FT,2,0,2.54
Five-SeveN,3,Fowl Play,Operation Breakout Weapon Case,59,3,0.0,1.0,WW,3,0,2.33
Five-SeveN,3,Fowl Play,Operation Breakout Weapon Case,59,3,0.0,1.0,BS,4,0,2.38
Five-SeveN,3,Boost Protocol,Operation Riptide Case,60,2,0.0,0.41,FN,0,1,10.37
Five-SeveN,3,Boost Protocol,Operation Riptide Case,60,2,0.0,0.41,MW,1,1,5.94
Five-SeveN,3,Boost Protocol,Operation Riptide Case,60,2,0.0,0.41,FT,2,1,3.08
Five-SeveN,3,Boost Protocol,Operation Riptide Case,60,2,0.0,0.41,WW,3,1,4.85
Five-SeveN,3,Boost Protocol,Operation Riptide Case,60,2,0.0,0.41,FN,0,0,3.14
Five-SeveN,3,Boost Protocol,Operation Riptide Case,60,2,0.0,0.41,MW,1,0,1.97
Five-SeveN,3,Boost Protocol,Operation Riptide Case,60,2,0.0,0.41,FT,2,0,1.34
Five-SeveN,3,Boost Protocol,Operation Riptide Case,60,2,0.0,0.41,WW,3,0,1.74
Five-SeveN,3,Buddy,CS20 Case,61,2,0.0,0.55,FN,0,1,4.21
Five-SeveN,3,Buddy,CS20 Case,61,2,0.0,0.55,MW,1,1,2.5
Five-SeveN,3,Buddy,CS20 Case,61,2,0.0,0.55,FT,2,1,1.42
Five-SeveN,3,Buddy,CS20 Case,61,2,0.0,0.55,WW,3,1,1.34
Five-SeveN,3,Buddy,CS20 Case,61,2,0.0,0.55,BS,4,1,1.38
Five-SeveN,3,Buddy,CS20 Case,61,2,0.0,0.55,FN,0,0,1.69
Five-SeveN,3,Buddy,CS20 Case,61,2,0.0,0.55,MW,1,0,1.05
Five-SeveN,3,Buddy,CS20 Case,61,2,0.0,0.55,FT,2,0,0.69
Five-SeveN,3,Buddy,CS20 Case,61,2,0.0,0.55,WW,3,0,1.03
Five-SeveN,3,Buddy,CS20 Case,61,2,0.0,0.55,BS,4,0,0.58
Five-SeveN,3,Triumvirate,Operation Wildfire Case,62,2,0.0,0.61,FN,0,1,8.3
Five-SeveN,3,Triumvirate,Operation Wildfire Case,62,2,0.0,0.61,MW,1,1,6.09
Five-SeveN,3,Triumvirate,Operation Wildfire Case,62,2,0.0,0.61,FT,2,1,4.16
Five-SeveN,3,Triumvirate,Operation Wildfire Case,62,2,0.0,0.61,WW,3,1,3.68
Five-SeveN,3,Triumvirate,Operation Wildfire Case,62,2,0.0,0.61,BS,4,1,3.31
Five-SeveN,3,Triumvirate,Operation Wildfire Case,62,2,0.0,0.61,FN,0,0,4.49
Five-SeveN,3,Triumvirate,Operation Wildfire Case,62,2,0.0,0.61,MW,1,0,3.18
Five-SeveN,3,Triumvirate,Operation Wildfire Case,62,2,0.0,0.61,FT,2,0,2.22
Five-SeveN,3,Triumvirate,Operation Wildfire Case,62,2,0.0,0.61,WW,3,0,2.3
Five-SeveN,3,Triumvirate,Operation Wildfire Case,62,2,0.0,0.61,BS,4,0,2.0
Five-SeveN,3,Retrobution,Revolver Case,63,2,0.0,1.0,FN,0,1,7.85
Five-SeveN,3,Retrobution,Revolver Case,63,2,0.0,1.0,MW,1,1,3.92
Five-SeveN,3,Retrobution,Revolver Case,63,2,0.0,1.0,FT,2,1,1.99
Five-SeveN,3,Retrobution,Revolver Case,63,2,0.0,1.0,WW,3,1,1.33
Five-SeveN,3,Retrobution,Revolver Case,63,2,0.0,1.0,BS,4,1,1.43
Five-SeveN,3,Retrobution,Revolver Case,63,2,0.0,1.0,FN,0,0,3.02
Five-SeveN,3,Retrobution,Revolver Case,63,2,0.0,1.0,MW,1,0,1.38
Five-SeveN,3,Retrobution,Revolver Case,63,2,0.0,1.0,FT,2,0,0.77
Five-SeveN,3,Retrobution,Revolver Case,63,2,0.0,1.0,WW,3,0,0.64
Five-SeveN,3,Retrobution,Revolver Case,63,2,0.0,1.0,BS,4,0,0.54
Five-SeveN,3,Copper Galaxy,CS:GO Weapon Case 3,64,2,0.0,0.2,FN,0,1,31.11
Five-SeveN,3,Copper Galaxy,CS:GO Weapon Case 3,64,2,0.0,0.2,MW,1,1,25.08
Five-SeveN,3,Copper Galaxy,CS:GO Weapon Case 3,64,2,0.0,0.2,FT,2,1,25.12
Five-SeveN,3,Copper Galaxy,CS:GO Weapon Case 3,64,2,0.0,0.2,FN,0,0,10.48
Five-SeveN,3,Copper Galaxy,CS:GO Weapon Case 3,64,2,0.0,0.2,MW,1,0,9.82
Five-SeveN,3,Copper Galaxy,CS:GO Weapon Case 3,64,2,0.0,0.2,FT,2,0,10.18
Five-SeveN,3,Case Hardened,CS:GO Weapon Case 2,65,2,0.0,1.0,FN,0,1,109.5
Five-SeveN,3,Case Hardened,CS:GO Weapon Case 2,65,2,0.0,1.0,MW,1,1,43.05
Five-SeveN,3,Case Hardened,CS:GO Weapon Case 2,65,2,0.0,1.0,FT,2,1,29.72
Five-SeveN,3,Case Hardened,CS:GO Weapon Case 2,65,2,0.0,1.0,WW,3,1,30.38
Five-SeveN,3,Case Hardened,CS:GO Weapon Case 2,65,2,0.0,1.0,BS,4,1,27.62
Five-SeveN,3,Case Hardened,CS:GO Weapon Case 2,65,2,0.0,1.0,FN,0,0,29.0
Five-SeveN,3,Case Hardened,CS:GO Weapon Case 2,65,2,0.0,1.0,MW,1,0,17.49
Five-SeveN,3,Case Hardened,CS:GO Weapon Case 2,65,2,0.0,1.0,FT,2,0,13.28
Five-SeveN,3,Case Hardened,CS:GO Weapon Case 2,65,2,0.0,1.0,WW,3,0,13.62
Five-SeveN,3,Case Hardened,CS:GO Weapon Case 2,65,2,0.0,1.0,BS,4,0,12.67
Five-SeveN,3,Scrawl,Dreams & Nightmares Case,66,1,0.0,1.0,FN,0,1,1.65
Five-SeveN,3,Scrawl,Dreams & Nightmares Case,66,1,0.0,1.0,MW,1,1,0.37
Five-SeveN,3,Scrawl,Dreams & Nightmares Case,66,1,0.0,1.0,FT,2,1,0.13
Five-SeveN,3,Scrawl,Dreams & Nightmares Case,66,1,0.0,1.0,WW,3,1,0.13
Five-SeveN,3,Scrawl,Dreams & Nightmares Case,66,1,0.0,1.0,BS,4,1,0.18
Five-SeveN,3,Scrawl,Dreams & Nightmares Case,66,1,0.0,1.0,FN,0,0,0.28
Five-SeveN,3,Scrawl,Dreams & Nightmares Case,66,1,0.0,1.0,MW,1,0,0.11
Five-SeveN,3,Scrawl,Dreams & Nightmares Case,66,1,0.0,1.0,FT,2,0,0.07
Five-SeveN,3,Scrawl,Dreams & Nightmares Case,66,1,0.0,1.0,WW,3,0,0.07
Five-SeveN,3,Scrawl,Dreams & Nightmares Case,66,1,0.0,1.0,BS,4,0,0.07
Five-SeveN,3,Flame Test,Clutch Case,67,1,0.0,0.65,FN,0,1,0.74
Five-SeveN,3,Flame Test,Clutch Case,67,1,0.0,0.65,MW,1,1,0.28
Five-SeveN,3,Flame Test,Clutch Case,67,1,0.0,0.65,FT,2,1,0.12
Five-SeveN,3,Flame Test,Clutch Case,67,1,0.0,0.65,WW,3,1,0.21
Five-SeveN,3,Flame Test,Clutch Case,67,1,0.0,0.65,BS,4,1,0.12
Five-SeveN,3,Flame Test,Clutch Case,67,1,0.0,0.65,FN,0,0,0.23
Five-SeveN,3,Flame Test,Clutch Case,67,1,0.0,0.65,MW,1,0,0.11
Five-SeveN,3,Flame Test,Clutch Case,67,1,0.0,0.65,FT,2,0,0.07
Five-SeveN,3,Flame Test,Clutch Case,67,1,0.0,0.65,WW,3,0,0.07
Five-SeveN,3,Flame Test,Clutch Case,67,1,0.0,0.65,BS,4,0,0.07
Five-SeveN,3,Capillary,Spectrum Case,68,1,0.0,0.7,FN,0,1,1.15
Five-SeveN,3,Capillary,Spectrum Case,68,1,0.0,0.7,MW,1,1,0.66
Five-SeveN,3,Capillary,Spectrum Case,68,1,0.0,0.7,FT,2,1,0.32
Five-SeveN,3,Capillary,Spectrum Case,68,1,0.0,0.7,WW,3,1,0.52
Five-SeveN,3,Capillary,Spectrum Case,68,1,0.0,0.7,BS,4,1,0.25
Five-SeveN,3,Capillary,Spectrum Case,68,1,0.0,0.7,FN,0,0,0.32
Five-SeveN,3,Capillary,Spectrum Case,68,1,0.0,0.7,MW,1,0,0.24
Five-SeveN,3,Capillary,Spectrum Case,68,1,0.0,0.7,FT,2,0,0.18
Five-SeveN,3,Capillary,Spectrum Case,68,1,0.0,0.7,WW,3,0,0.19
Five-SeveN,3,Capillary,Spectrum Case,68,1,0.0,0.7,BS,4,0,0.14
Five-SeveN,3,Scumbria,Gamma 2 Case,69,1,0.0,1.0,FN,0,1,2.2
Five-SeveN,3,Scumbria,Gamma 2 Case,69,1,0.0,1.0,MW,1,1,0.31
Five-SeveN,3,Scumbria,Gamma 2 Case,69,1,0.0,1.0,FT,2,1,0.13
Five-SeveN,3,Scumbria,Gamma 2 Case,69,1,0.0,1.0,WW,3,1,0.12
Five-SeveN,3,Scumbria,Gamma 2 Case,69,1,0.0,1.0,BS,4,1,0.12
Five-SeveN,3,Scumbria,Gamma 2 Case,69,1,0.0,1.0,FN,0,0,0.48
Five-SeveN,3,Scumbria,Gamma 2 Case,69,1,0.0,1.0,MW,1,0,0.11
Five-SeveN,3,Scumbria,Gamma 2 Case,69,1,0.0,1.0,FT,2,0,0.09
Five-SeveN,3,Scumbria,Gamma 2 Case,69,1,0.0,1.0,WW,3,0,0.08
Five-SeveN,3,Scumbria,Gamma 2 Case,69,1,0.0,1.0,BS,4,0,0.07
Five-SeveN,3,Violent Daimyo,Gamma Case,70,1,0.0,0.7,FN,0,1,2.72
Five-SeveN,3,Violent Daimyo,Gamma Case,70,1,0.0,0.7,MW,1,1,0.96
Five-SeveN,3,Violent Daimyo,Gamma Case,70,1,0.0,0.7,FT,2,1,0.35
Five-SeveN,3,Violent Daimyo,Gamma Case,70,1,0.0,0.7,WW,3,1,1.29
Five-SeveN,3,Violent Daimyo,Gamma Case,70,1,0.0,0.7,BS,4,1,0.28
Five-SeveN,3,Violent Daimyo,Gamma Case,70,1,0.0,0.7,FN,0,0,0.49
Five-SeveN,3,Violent Daimyo,Gamma Case,70,1,0.0,0.7,MW,1,0,0.19
Five-SeveN,3,Violent Daimyo,Gamma Case,70,1,0.0,0.7,FT,2,0,0.11
Five-SeveN,3,Violent Daimyo,Gamma Case,70,1,0.0,0.7,WW,3,0,0.21
Five-SeveN,3,Violent Daimyo,Gamma Case,70,1,0.0,0.7,BS,4,0,0.11
Five-SeveN,3,Urban Hazard,Operation Vanguard Weapon Case,71,1,0.0,0.25,FN,0,1,3.22
Five-SeveN,3,Urban Hazard,Operation Vanguard Weapon Case,71,1,0.0,0.25,MW,1,1,2.31
Five-SeveN,3,Urban Hazard,Operation Vanguard Weapon Case,71,1,0.0,0.25,FT,2,1,1.92
Five-SeveN,3,Urban Hazard,Operation Vanguard Weapon Case,71,1,0.0,0.25,FN,0,0,1.06
Five-SeveN,3,Urban Hazard,Operation Vanguard Weapon Case,71,1,0.0,0.25,MW,1,0,0.76
Five-SeveN,3,Urban Hazard,Operation Vanguard Weapon Case,71,1,0.0,0.25,FT,2,0,0.64
Five-SeveN,3,Nightshade,eSports 2013 Winter Case,72,1,0.0,0.5,FN,0,1,6.62
Five-SeveN,3,Nightshade,eSports 2013 Winter Case,72,1,0.0,0.5,MW,1,1,5.9
Five-SeveN,3,Nightshade,eSports 2013 Winter Case,72,1,0.0,0.5,FT,2,1,5.14
Five-SeveN,3,Nightshade,eSports 2013 Winter Case,72,1,0.0,0.5,WW,3,1,4.53
Five-SeveN,3,Nightshade,eSports 2013 Winter Case,72,1,0.0,0.5,BS,4,1,3.68
Five-SeveN,3,Nightshade,eSports 2013 Winter Case,72,1,0.0,0.5,FN,0,0,2.03
Five-SeveN,3,Nightshade,eSports 2013 Winter Case,72,1,0.0,0.5,MW,1,0,1.46
Five-SeveN,3,Nightshade,eSports 2013 Winter Case,72,1,0.0,0.5,FT,2,0,1.29
Five-SeveN,3,Nightshade,eSports 2013 Winter Case,72,1,0.0,0.5,WW,3,0,1.38
Five-SeveN,3,Nightshade,eSports 2013 Winter Case,72,1,0.0,0.5,BS,4,0,1.58
Five-SeveN,3,Kami,Winter Offensive Weapon Case,73,1,0.0,0.3,FN,0,1,2.99
Five-SeveN,3,Kami,Winter Offensive Weapon Case,73,1,0.0,0.3,MW,1,1,1.89
Five-SeveN,3,Kami,Winter Offensive Weapon Case,73,1,0.0,0.3,FT,2,1,1.9
Five-SeveN,3,Kami,Winter Offensive Weapon Case,73,1,0.0,0.3,FN,0,0,1.64
Five-SeveN,3,Kami,Winter Offensive Weapon Case,73,1,0.0,0.3,MW,1,0,0.97
Five-SeveN,3,Kami,Winter Offensive Weapon Case,73,1,0.0,0.3,FT,2,0,0.99
Glock-18,4,Neo-Noir,Operation Broken Fang Case,74,4,0.0,1.0,FN,0,1,323.23
Glock-18,4,Neo-Noir,Operation Broken Fang Case,74,4,0.0,1.0,MW,1,1,94.16
Glock-18,4,Neo-Noir,Operation Broken Fang Case,74,4,0.0,1.0,FT,2,1,43.82
Glock-18,4,Neo-Noir,Operation Broken Fang Case,74,4,0.0,1.0,WW,3,1,32.85
Glock-18,4,Neo-Noir,Operation Broken Fang Case,74,4,0.0,1.0,BS,4,1,31.66
Glock-18,4,Neo-Noir,Operation Broken Fang Case,74,4,0.0,1.0,FN,0,0,61.9
Glock-18,4,Neo-Noir,Operation Broken Fang Case,74,4,0.0,1.0,MW,1,0,23.88
Glock-18,4,Neo-Noir,Operation Broken Fang Case,74,4,0.0,1.0,FT,2,0,10.94
Glock-18,4,Neo-Noir,Operation Broken Fang Case,74,4,0.0,1.0,WW,3,0,8.31
Glock-18,4,Neo-Noir,Operation Broken Fang Case,74,4,0.0,1.0,BS,4,0,7.28
Glock-18,4,Bullet Queen,Prisma 2 Case,75,4,0.0,1.0,FN,0,1,216.6
Glock-18,4,Bullet Queen,Prisma 2 Case,75,4,0.0,1.0,MW,1,1,67.8
Glock-18,4,Bullet Queen,Prisma 2 Case,75,4,0.0,1.0,FT,2,1,28.0
Glock-18,4,Bullet Queen,Prisma 2 Case,75,4,0.0,1.0,WW,3,1,19.1
Glock-18,4,Bullet Queen,Prisma 2 Case,75,4,0.0,1.0,BS,4,1,15.49
Glock-18,4,Bullet Queen,Prisma 2 Case,75,4,0.0,1.0,FN,0,0,49.82
Glock-18,4,Bullet Queen,Prisma 2 Case,75,4,0.0,1.0,MW,1,0,16.37
Glock-18,4,Bullet Queen,Prisma 2 Case,75,4,0.0,1.0,FT,2,0,7.31
Glock-18,4,Bullet Queen,Prisma 2 Case,75,4,0.0,1.0,WW,3,0,5.17
Glock-18,4,Bullet Queen,Prisma 2 Case,75,4,0.0,1.0,BS,4,0,4.6
Glock-18,4,Wasteland Rebel,Gamma Case,76,4,0.0,0.54,FN,0,1,40.87
Glock-18,4,Wasteland Rebel,Gamma Case,76,4,0.0,0.54,MW,1,1,26.19
Glock-18,4,Wasteland Rebel,Gamma Case,76,4,0.0,0.54,FT,2,1,19.5
Glock-18,4,Wasteland Rebel,Gamma Case,76,4,0.0,0.54,WW,3,1,20.2
Glock-18,4,Wasteland Rebel,Gamma Case,76,4,0.0,0.54,BS,4,1,20.09
Glock-18,4,Wasteland Rebel,Gamma Case,76,4,0.0,0.54,FN,0,0,6.78
Glock-18,4,Wasteland Rebel,Gamma Case,76,4,0.0,0.54,MW,1,0,4.57
Glock-18,4,Wasteland Rebel,Gamma Case,76,4,0.0,0.54,FT,2,0,4.25
Glock-18,4,Wasteland Rebel,Gamma Case,76,4,0.0,0.54,WW,3,0,6.55
Glock-18,4,Wasteland Rebel,Gamma Case,76,4,0.0,0.54,BS,4,0,4.14
Glock-18,4,Snack Attack,Operation Riptide Case,77,3,0.0,1.0,FN,0,1,130.0
Glock-18,4,Snack Attack,Operation Riptide Case,77,3,0.0,1.0,MW,1,1,28.93
Glock-18,4,Snack Attack,Operation Riptide Case,77,3,0.0,1.0,FT,2,1,13.04
Glock-18,4,Snack Attack,Operation Riptide Case,77,3,0.0,1.0,WW,3,1,9.66
Glock-18,4,Snack Attack,Operation Riptide Case,77,3,0.0,1.0,BS,4,1,10.86
Glock-18,4,Snack Attack,Operation Riptide Case,77,3,0.0,1.0,FN,0,0,24.03
Glock-18,4,Snack Attack,Operation Riptide Case,77,3,0.0,1.0,MW,1,0,7.37
Glock-18,4,Snack Attack,Operation Riptide Case,77,3,0.0,1.0,FT,2,0,3.86
Glock-18,4,Snack Attack,Operation Riptide Case,77,3,0.0,1.0,WW,3,0,2.73
Glock-18,4,Snack Attack,Operation Riptide Case,77,3,0.0,1.0,BS,4,0,2.59
Glock-18,4,Vogue,Fracture Case,78,3,0.0,0.75,FN,0,1,22.42
Glock-18,4,Vogue,Fracture Case,78,3,0.0,0.75,MW,1,1,12.94
Glock-18,4,Vogue,Fracture Case,78,3,0.0,0.75,FT,2,1,5.57
Glock-18,4,Vogue,Fracture Case,78,3,0.0,0.75,WW,3,1,7.64
Glock-18,4,Vogue,Fracture Case,78,3,0.0,0.75,BS,4,1,5.2
Glock-18,4,Vogue,Fracture Case,78,3,0.0,0.75,FN,0,0,8.79
Glock-18,4,Vogue,Fracture Case,78,3,0.0,0.75,MW,1,0,5.32
Glock-18,4,Vogue,Fracture Case,78,3,0.0,0.75,FT,2,0,3.02
Glock-18,4,Vogue,Fracture Case,78,3,0.0,0.75,WW,3,0,2.82
Glock-18,4,Vogue,Fracture Case,78,3,0.0,0.75,BS,4,0,2.48
Glock-18,4,Water Elemental,Operation Breakout Weapon Case,79,3,0.0,0.7,FN,0,1,63.25
Glock-18,4,Water Elemental,Operation Breakout Weapon Case,79,3,0.0,0.7,MW,1,1,30.09
Glock-18,4,Water Elemental,Operation Breakout Weapon Case,79,3,0.0,0.7,FT,2,1,15.94
Glock-18,4,Water Elemental,Operation Breakout Weapon Case,79,3,0.0,0.7,WW,3,1,19.52
Glock-18,4,Water Elemental,Operation Breakout Weapon Case,79,3,0.0,0.7,BS,4,1,13.68
Glock-18,4,Water Elemental,Operation Breakout Weapon Case,79,3,0.0,0.7,FN,0,0,13.13
Glock-18,4,Water Elemental,Operation Breakout Weapon Case,79,3,0.0,0.7,MW,1,0,6.76
Glock-18,4,Water Elemental,Operation Breakout Weapon Case,79,3,0.0,0.7,FT,2,0,4.17
Glock-18,4,Water Elemental,Operation Breakout Weapon Case,79,3,0.0,0.7,WW,3,0,6.35
Glock-18,4,Water Elemental,Operation Breakout Weapon Case,79,3,0.0,0.7,BS,4,0,3.7
Glock-18,4,Umbral Rabbit,Revolution Case,80,2,0.0,0.75,FN,0,1,6.93
Glock-18,4,Umbral Rabbit,Revolution Case,80,2,0.0,0.75,MW,1,1,3.37
Glock-18,4,Umbral Rabbit,Revolution Case,80,2,0.0,0.75,FT,2,1,1.12
Glock-18,4,Umbral Rabbit,Revolution Case,80,2,0.0,0.75,WW,3,1,1.77
Glock-18,4,Umbral Rabbit,Revolution Case,80,2,0.0,0.75,BS,4,1,0.73
Glock-18,4,Umbral Rabbit,Revolution Case,80,2,0.0,0.75,FN,0,0,1.92
Glock-18,4,Umbral Rabbit,Revolution Case,80,2,0.0,0.75,MW,1,0,1.01
Glock-18,4,Umbral Rabbit,Revolution Case,80,2,0.0,0.75,FT,2,0,0.36
Glock-18,4,Umbral Rabbit,Revolution Case,80,2,0.0,0.75,WW,3,0,0.43
Glock-18,4,Umbral Rabbit,Revolution Case,80,2,0.0,0.75,BS,4,0,0.27
Glock-18,4,Moonrise,Clutch Case,81,2,0.0,0.65,FN,0,1,4.66
Glock-18,4,Moonrise,Clutch Case,81,2,0.0,0.65,MW,1,1,1.93
Glock-18,4,Moonrise,Clutch Case,81,2,0.0,0.65,FT,2,1,0.69
Glock-18,4,Moonrise,Clutch Case,81,2,0.0,0.65,WW,3,1,1.41
Glock-18,4,Moonrise,Clutch Case,81,2,0.0,0.65,BS,4,1,0.64
Glock-18,4,Moonrise,Clutch Case,81,2,0.0,0.65,FN,0,0,1.44
Glock-18,4,Moonrise,Clutch Case,81,2,0.0,0.65,MW,1,0,0.7
Glock-18,4,Moonrise,Clutch Case,81,2,0.0,0.65,FT,2,0,0.31
Glock-18,4,Moonrise,Clutch Case,81,2,0.0,0.65,WW,3,0,0.4
Glock-18,4,Moonrise,Clutch Case,81,2,0.0,0.65,BS,4,0,0.29
Glock-18,4,Weasel,Gamma 2 Case,82,2,0.0,1.0,FN,0,1,11.46
Glock-18,4,Weasel,Gamma 2 Case,82,2,0.0,1.0,MW,1,1,2.68
Glock-18,4,Weasel,Gamma 2 Case,82,2,0.0,1.0,FT,2,1,1.06
Glock-18,4,Weasel,Gamma 2 Case,82,2,0.0,1.0,WW,3,1,0.81
Glock-18,4,Weasel,Gamma 2 Case,82,2,0.0,1.0,BS,4,1,0.73
Glock-18,4,Weasel,Gamma 2 Case,82,2,0.0,1.0,FN,0,0,2.09
Glock-18,4,Weasel,Gamma 2 Case,82,2,0.0,1.0,MW,1,0,0.63
Glock-18,4,Weasel,Gamma 2 Case,82,2,0.0,1.0,FT,2,0,0.3
Glock-18,4,Weasel,Gamma 2 Case,82,2,0.0,1.0,WW,3,0,0.27
Glock-18,4,Weasel,Gamma 2 Case,82,2,0.0,1.0,BS,4,0,0.27
Glock-18,4,Royal Legion,Operation Wildfire Case,83,2,0.0,1.0,FN,0,1,32.94
Glock-18,4,Royal Legion,Operation Wildfire Case,83,2,0.0,1.0,MW,1,1,7.52
Glock-18,4,Royal Legion,Operation Wildfire Case,83,2,0.0,1.0,FT,2,1,4.02
Glock-18,4,Royal Legion,Operation Wildfire Case,83,2,0.0,1.0,WW,3,1,3.83
Glock-18,4,Royal Legion,Operation Wildfire Case,83,2,0.0,1.0,BS,4,1,3.46
Glock-18,4,Royal Legion,Operation Wildfire Case,83,2,0.0,1.0,FN,0,0,7.86
Glock-18,4,Royal Legion,Operation Wildfire Case,83,2,0.0,1.0,MW,1,0,3.16
Glock-18,4,Royal Legion,Operation Wildfire Case,83,2,0.0,1.0,FT,2,0,2.53
Glock-18,4,Royal Legion,Operation Wildfire Case,83,2,0.0,1.0,WW,3,0,2.13
Glock-18,4,Royal Legion,Operation Wildfire Case,83,2,0.0,1.0,BS,4,0,2.1
Glock-18,4,Grinder,Operation Vanguard Weapon Case,84,2,0.02,0.25,FN,0,1,8.52
Glock-18,4,Grinder,Operation Vanguard Weapon Case,84,2,0.02,0.25,MW,1,1,6.52
Glock-18,4,Grinder,Operation Vanguard Weapon Case,84,2,0.02,0.25,FT,2,1,6.55
Glock-18,4,Grinder,Operation Vanguard Weapon Case,84,2,0.02,0.25,FN,0,0,2.25
Glock-18,4,Grinder,Operation Vanguard Weapon Case,84,2,0.02,0.25,MW,1,0,1.76
Glock-18,4,Grinder,Operation Vanguard Weapon Case,84,2,0.02,0.25,FT,2,0,1.9
Glock-18,4,Steel Disruption,eSports 2014 Summer Case,85,2,0.0,0.2,FN,0,1,13.15
Glock-18,4,Steel Disruption,eSports 2014 Summer Case,85,2,0.0,0.2,MW,1,1,10.07
Glock-18,4,Steel Disruption,eSports 2014 Summer Case,85,2,0.0,0.2,FT,2,1,10.48
Glock-18,4,Steel Disruption,eSports 2014 Summer Case,85,2,0.0,0.2,FN,0,0,5.18
Glock-18,4,Steel Disruption,eSports 2014 Summer Case,85,2,0.0,0.2,MW,1,0,5.21
Glock-18,4,Steel Disruption,eSports 2014 Summer Case,85,2,0.0,0.2,FT,2,0,5.14
Glock-18,4,Dragon Tattoo,CS:GO Weapon Case,86,2,0.0,0.08,FN,0,1,273.78
Glock-18,4,Dragon Tattoo,CS:GO Weapon Case,86,2,0.0,0.08,MW,1,1,287.64
Glock-18,4,Dragon Tattoo,CS:GO Weapon Case,86,2,0.0,0.08,FN,0,0,93.09
Glock-18,4,Dragon Tattoo,CS:GO Weapon Case,86,2,0.0,0.08,MW,1,0,93.09
Glock-18,4,Winterized,Recoil Case,87,1,0.0,1.0,FN,0,1,3.22
Glock-18,4,Winterized,Recoil Case,87,1,0.0,1.0,MW,1,1,0.37
Glock-18,4,Winterized,Recoil Case,87,1,0.0,1.0,FT,2,1,0.14
Glock-18,4,Winterized,Recoil Case,87,1,0.0,1.0,WW,3,1,0.13
Glock-18,4,Winterized,Recoil Case,87,1,0.0,1.0,BS,4,1,0.13
Glock-18,4,Winterized,Recoil Case,87,1,0.0,1.0,FN,0,0,0.3
Glock-18,4,Winterized,Recoil Case,87,1,0.0,1.0,MW,1,0,0.13
Glock-18,4,Winterized,Recoil Case,87,1,0.0,1.0,FT,2,0,0.08
Glock-18,4,Winterized,Recoil Case,87,1,0.0,1.0,WW,3,0,0.07
Glock-18,4,Winterized,Recoil Case,87,1,0.0,1.0,BS,4,0,0.07
Glock-18,4,Clear Polymer,Snakebite Case,88,1,0.0,1.0,FN,0,1,3.65
Glock-18,4,Clear Polymer,Snakebite Case,88,1,0.0,1.0,MW,1,1,0.7
Glock-18,4,Clear Polymer,Snakebite Case,88,1,0.0,1.0,FT,2,1,0.27
Glock-18,4,Clear Polymer,Snakebite Case,88,1,0.0,1.0,WW,3,1,0.23
Glock-18,4,Clear Polymer,Snakebite Case,88,1,0.0,1.0,BS,4,1,0.23
Glock-18,4,Clear Polymer,Snakebite Case,88,1,0.0,1.0,FN,0,0,0.57
Glock-18,4,Clear Polymer,Snakebite Case,88,1,0.0,1.0,MW,1,0,0.16
Glock-18,4,Clear Polymer,Snakebite Case,88,1,0.0,1.0,FT,2,0,0.09
Glock-18,4,Clear Polymer,Snakebite Case,88,1,0.0,1.0,WW,3,0,0.09
Glock-18,4,Clear Polymer,Snakebite Case,88,1,0.0,1.0,BS,4,0,0.09
Glock-18,4,Sacrifice,CS20 Case,89,1,0.0,1.0,FN,0,1,7.7
Glock-18,4,Sacrifice,CS20 Case,89,1,0.0,1.0,MW,1,1,1.23
Glock-18,4,Sacrifice,CS20 Case,89,1,0.0,1.0,FT,2,1,0.5
Glock-18,4,Sacrifice,CS20 Case,89,1,0.0,1.0,WW,3,1,0.31
Glock-18,4,Sacrifice,CS20 Case,89,1,0.0,1.0,BS,4,1,0.32
Glock-18,4,Sacrifice,CS20 Case,89,1,0.0,1.0,FN,0,0,1.15
Glock-18,4,Sacrifice,CS20 Case,89,1,0.0,1.0,MW,1,0,0.2
Glock-18,4,Sacrifice,CS20 Case,89,1,0.0,1.0,FT,2,0,0.16
Glock-18,4,Sacrifice,CS20 Case,89,1,0.0,1.0,WW,3,0,0.09
Glock-18,4,Sacrifice,CS20 Case,89,1,0.0,1.0,BS,4,0,0.1
Glock-18,4,Oxide Blaze,Danger Zone Case,34,1,0.0,0.85,FN,0,1,1.63
Glock-18,4,Oxide Blaze,Danger Zone Case,34,1,0.0,0.85,MW,1,1,0.37
Glock-18,4,Oxide Blaze,Danger Zone Case,34,1,0.0,0.85,FT,2,1,0.14
Glock-18,4,Oxide Blaze,Danger Zone Case,34,1,0.0,0.85,WW,3,1,0.28
Glock-18,4,Oxide Blaze,Danger Zone Case,34,1,0.0,0.85,BS,4,1,0.15
Glock-18,4,Oxide Blaze,Danger Zone Case,34,1,0.0,0.85,FN,0,0,0.31
Glock-18,4,Oxide Blaze,Danger Zone Case,34,1,0.0,0.85,MW,1,0,0.13
Glock-18,4,Oxide Blaze,Danger Zone Case,34,1,0.0,0.85,FT,2,0,0.08
Glock-18,4,Oxide Blaze,Danger Zone Case,34,1,0.0,0.85,WW,3,0,0.09
Glock-18,4,Oxide Blaze,Danger Zone Case,34,1,0.0,0.85,BS,4,0,0.08
Glock-18,4,Warhawk,Horizon Case,90,1,0.0,1.0,FN,0,1,5.03
Glock-18,4,Warhawk,Horizon Case,90,1,0.0,1.0,MW,1,1,0.65
Glock-18,4,Warhawk,Horizon Case,90,1,0.0,1.0,FT,2,1,0.31
Glock-18,4,Warhawk,Horizon Case,90,1,0.0,1.0,WW,3,1,0.25
Glock-18,4,Warhawk,Horizon Case,90,1,0.0,1.0,BS,4,1,0.23
Glock-18,4,Warhawk,Horizon Case,90,1,0.0,1.0,FN,0,0,0.66
Glock-18,4,Warhawk,Horizon Case,90,1,0.0,1.0,MW,1,0,0.26
Glock-18,4,Warhawk,Horizon Case,90,1,0.0,1.0,FT,2,0,0.18
Glock-18,4,Warhawk,Horizon Case,90,1,0.0,1.0,WW,3,0,0.17
Glock-18,4,Warhawk,Horizon Case,90,1,0.0,1.0,BS,4,0,0.17
Glock-18,4,Off World,Spectrum 2 Case,91,1,0.0,1.0,FN,0,1,5.02
Glock-18,4,Off World,Spectrum 2 Case,91,1,0.0,1.0,MW,1,1,0.58
Glock-18,4,Off World,Spectrum 2 Case,91,1,0.0,1.0,FT,2,1,0.26
Glock-18,4,Off World,Spectrum 2 Case,91,1,0.0,1.0,WW,3,1,0.23
Glock-18,4,Off World,Spectrum 2 Case,91,1,0.0,1.0,BS,4,1,0.26
Glock-18,4,Off World,Spectrum 2 Case,91,1,0.0,1.0,FN,0,0,0.59
Glock-18,4,Off World,Spectrum 2 Case,91,1,0.0,1.0,MW,1,0,0.13
Glock-18,4,Off World,Spectrum 2 Case,91,1,0.0,1.0,FT,2,0,0.09
Glock-18,4,Off World,Spectrum 2 Case,91,1,0.0,1.0,WW,3,0,0.09
Glock-18,4,Off World,Spectrum 2 Case,91,1,0.0,1.0,BS,4,0,0.09
Glock-18,4,Ironwork,Glove Case,92,1,0.0,1.0,FN,0,1,8.48
Glock-18,4,Ironwork,Glove Case,92,1,0.0,1.0,MW,1,1,1.08
Glock-18,4,Ironwork,Glove Case,92,1,0.0,1.0,FT,2,1,0.43
Glock-18,4,Ironwork,Glove Case,92,1,0.0,1.0,WW,3,1,0.29
Glock-18,4,Ironwork,Glove Case,92,1,0.0,1.0,BS,4,1,0.29
Glock-18,4,Ironwork,Glove Case,92,1,0.0,1.0,FN,0,0,1.29
Glock-18,4,Ironwork,Glove Case,92,1,0.0,1.0,MW,1,0,0.19
Glock-18,4,Ironwork,Glove Case,92,1,0.0,1.0,FT,2,0,0.12
Glock-18,4,Ironwork,Glove Case,92,1,0.0,1.0,WW,3,0,0.11
Glock-18,4,Ironwork,Glove Case,92,1,0.0,1.0,BS,4,0,0.11
Glock-18,4,Wraiths,Shadow Case,93,1,0.0,0.8,FN,0,1,4.48
Glock-18,4,Wraiths,Shadow Case,93,1,0.0,0.8,MW,1,1,1.0
Glock-18,4,Wraiths,Shadow Case,93,1,0.0,0.8,FT,2,1,0.32
Glock-18,4,Wraiths,Shadow Case,93,1,0.0,0.8,WW,3,1,2.27
Glock-18,4,Wraiths,Shadow Case,93,1,0.0,0.8,BS,4,1,0.35
Glock-18,4,Wraiths,Shadow Case,93,1,0.0,0.8,FN,0,0,0.82
Glock-18,4,Wraiths,Shadow Case,93,1,0.0,0.8,MW,1,0,0.3
Glock-18,4,Wraiths,Shadow Case,93,1,0.0,0.8,FT,2,0,0.13
Glock-18,4,Wraiths,Shadow Case,93,1,0.0,0.8,WW,3,0,0.28
Glock-18,4,Wraiths,Shadow Case,93,1,0.0,0.8,BS,4,0,0.12
Glock-18,4,Bunsen Burner,Falchion Case,94,1,0.0,0.8,FN,0,1,7.2
Glock-18,4,Bunsen Burner,Falchion Case,94,1,0.0,0.8,MW,1,1,1.46
Glock-18,4,Bunsen Burner,Falchion Case,94,1,0.0,0.8,FT,2,1,0.57
Glock-18,4,Bunsen Burner,Falchion Case,94,1,0.0,0.8,WW,3,1,2.41
Glock-18,4,Bunsen Burner,Falchion Case,94,1,0.0,0.8,BS,4,1,0.77
Glock-18,4,Bunsen Burner,Falchion Case,94,1,0.0,0.8,FN,0,0,1.3
Glock-18,4,Bunsen Burner,Falchion Case,94,1,0.0,0.8,MW,1,0,0.35
Glock-18,4,Bunsen Burner,Falchion Case,94,1,0.0,0.8,FT,2,0,0.21
Glock-18,4,Bunsen Burner,Falchion Case,94,1,0.0,0.8,WW,3,0,0.27
Glock-18,4,Bunsen Burner,Falchion Case,94,1,0.0,0.8,BS,4,0,0.23
Glock-18,4,Catacombs,Chroma Case,95,1,0.0,0.5,FN,0,1,2.13
Glock-18,4,Catacombs,Chroma Case,95,1,0.0,0.5,MW,1,1,1.04
Glock-18,4,Catacombs,Chroma Case,95,1,0.0,0.5,FT,2,1,0.57
Glock-18,4,Catacombs,Chroma Case,95,1,0.0,0.5,WW,3,1,1.51
Glock-18,4,Catacombs,Chroma Case,95,1,0.0,0.5,BS,4,1,1.58
Glock-18,4,Catacombs,Chroma Case,95,1,0.0,0.5,FN,0,0,0.42
Glock-18,4,Catacombs,Chroma Case,95,1,0.0,0.5,MW,1,0,0.3
Glock-18,4,Catacombs,Chroma Case,95,1,0.0,0.5,FT,2,0,0.19
Glock-18,4,Catacombs,Chroma Case,95,1,0.0,0.5,WW,3,0,0.27
Glock-18,4,Catacombs,Chroma Case,95,1,0.0,0.5,BS,4,0,1.3
Glock-18,4,Blue Fissure,CS:GO Weapon Case 3,96,1,0.06,0.58,FN,0,1,103.22
Glock-18,4,Blue Fissure,CS:GO Weapon Case 3,96,1,0.06,0.58,MW,1,1,7.54
Glock-18,4,Blue Fissure,CS:GO Weapon Case 3,96,1,0.06,0.58,FT,2,1,2.89
Glock-18,4,Blue Fissure,CS:GO Weapon Case 3,96,1,0.06,0.58,WW,3,1,5.54
Glock-18,4,Blue Fissure,CS:GO Weapon Case 3,96,1,0.06,0.58,BS,4,1,2.5
Glock-18,4,Blue Fissure,CS:GO Weapon Case 3,96,1,0.06,0.58,FN,0,0,19.66
Glock-18,4,Blue Fissure,CS:GO Weapon Case 3,96,1,0.06,0.58,MW,1,0,2.25
Glock-18,4,Blue Fissure,CS:GO Weapon Case 3,96,1,0.06,0.58,FT,2,0,1.65
Glock-18,4,Blue Fissure,CS:GO Weapon Case 3,96,1,0.06,0.58,WW,3,0,2.35
Glock-18,4,Blue Fissure,CS:GO Weapon Case 3,96,1,0.06,0.58,BS,4,0,1.85
P2000,5,Fire Elemental,Operation Vanguard Weapon Case,97,4,0.0,0.6,FN,0,1,218.42
P2000,5,Fire Elemental,Operation Vanguard Weapon Case,97,4,0.0,0.6,MW,1,1,108.99
P2000,5,Fire Elemental,Operation Vanguard Weapon Case,97,4,0.0,0.6,FT,2,1,74.93
P2000,5,Fire Elemental,Operation Vanguard Weapon Case,97,4,0.0,0.6,WW,3,1,174.74
P2000,5,Fire Elemental,Operation Vanguard Weapon Case,97,4,0.0,0.6,BS,4,1,70.97
P2000,5,Fire Elemental,Operation Vanguard Weapon Case,97,4,0.0,0.6,FN,0,0,37.51
P2000,5,Fire Elemental,Operation Vanguard Weapon Case,97,4,0.0,0.6,MW,1,0,19.55
P2000,5,Fire Elemental,Operation Vanguard Weapon Case,97,4,0.0,0.6,FT,2,0,12.89
P2000,5,Fire Elemental,Operation Vanguard Weapon Case,97,4,0.0,0.6,WW,3,0,16.38
P2000,5,Fire Elemental,Operation Vanguard Weapon Case,97,4,0.0,0.6,BS,4,0,14.77
P2000,5,Wicked Sick,Revolution Case,98,3,0.0,1.0,FN,0,1,40.82
P2000,5,Wicked Sick,Revolution Case,98,3,0.0,1.0,MW,1,1,13.8
P2000,5,Wicked Sick,Revolution Case,98,3,0.0,1.0,FT,2,1,6.13
P2000,5,Wicked Sick,Revolution Case,98,3,0.0,1.0,WW,3,1,4.04
P2000,5,Wicked Sick,Revolution Case,98,3,0.0,1.0,BS,4,1,3.23
P2000,5,Wicked Sick,Revolution Case,98,3,0.0,1.0,FN,0,0,14.44
P2000,5,Wicked Sick,Revolution Case,98,3,0.0,1.0,MW,1,0,6.48
P2000,5,Wicked Sick,Revolution Case,98,3,0.0,1.0,FT,2,0,3.02
P2000,5,Wicked Sick,Revolution Case,98,3,0.0,1.0,WW,3,0,1.96
P2000,5,Wicked Sick,Revolution Case,98,3,0.0,1.0,BS,4,0,1.74
P2000,5,Imperial Dragon,Gamma Case,99,3,0.0,0.63,FN,0,1,32.86
P2000,5,Imperial Dragon,Gamma Case,99,3,0.0,0.63,MW,1,1,15.23
P2000,5,Imperial Dragon,Gamma Case,99,3,0.0,0.63,FT,2,1,7.64
P2000,5,Imperial Dragon,Gamma Case,99,3,0.0,0.63,WW,3,1,12.13
P2000,5,Imperial Dragon,Gamma Case,99,3,0.0,0.63,BS,4,1,12.08
P2000,5,Imperial Dragon,Gamma Case,99,3,0.0,0.63,FN,0,0,8.75
P2000,5,Imperial Dragon,Gamma Case,99,3,0.0,0.63,MW,1,0,4.76
P2000,5,Imperial Dragon,Gamma Case,99,3,0.0,0.63,FT,2,0,3.0
P2000,5,Imperial Dragon,Gamma Case,99,3,0.0,0.63,WW,3,0,3.38
P2000,5,Imperial Dragon,Gamma Case,99,3,0.0,0.63,BS,4,0,4.39
P2000,5,Corticera,eSports 2014 Summer Case,100,3,0.06,0.3,FN,0,1,60.23
P2000,5,Corticera,eSports 2014 Summer Case,100,3,0.06,0.3,MW,1,1,23.86
P2000,5,Corticera,eSports 2014 Summer Case,100,3,0.06,0.3,FT,2,1,20.75
P2000,5,Corticera,eSports 2014 Summer Case,100,3,0.06,0.3,FN,0,0,17.54
P2000,5,Corticera,eSports 2014 Summer Case,100,3,0.06,0.3,MW,1,0,7.49
P2000,5,Corticera,eSports 2014 Summer Case,100,3,0.06,0.3,FT,2,0,7.42
P2000,5,Ocean Foam,Operation Bravo Case,101,3,0.0,0.12,FN,0,1,506.58
P2000,5,Ocean Foam,Operation Bravo Case,101,3,0.0,0.12,MW,1,1,557.37
P2000,5,Ocean Foam,Operation Bravo Case,101,3,0.0,0.12,FN,0,0,150.0
P2000,5,Ocean Foam,Operation Bravo Case,101,3,0.0,0.12,MW,1,0,142.38
P2000,5,Acid Etched,Prisma 2 Case,102,2,0.0,1.0,FN,0,1,9.48
P2000,5,Acid Etched,Prisma 2 Case,102,2,0.0,1.0,MW,1,1,2.5
P2000,5,Acid Etched,Prisma 2 Case,102,2,0.0,1.0,FT,2,1,1.1
P2000,5,Acid Etched,Prisma 2 Case,102,2,0.0,1.0,WW,3,1,0.84
P2000,5,Acid Etched,Prisma 2 Case,102,2,0.0,1.0,BS,4,1,0.76
P2000,5,Acid Etched,Prisma 2 Case,102,2,0.0,1.0,FN,0,0,2.53
P2000,5,Acid Etched,Prisma 2 Case,102,2,0.0,1.0,MW,1,0,0.8
P2000,5,Acid Etched,Prisma 2 Case,102,2,0.0,1.0,FT,2,0,0.38
P2000,5,Acid Etched,Prisma 2 Case,102,2,0.0,1.0,WW,3,0,0.34
P2000,5,Acid Etched,Prisma 2 Case,102,2,0.0,1.0,BS,4,0,0.31
P2000,5,Obsidian,Shattered Web Case,103,2,0.0,1.0,FN,0,1,26.0
P2000,5,Obsidian,Shattered Web Case,103,2,0.0,1.0,MW,1,1,10.08
P2000,5,Obsidian,Shattered Web Case,103,2,0.0,1.0,FT,2,1,3.77
P2000,5,Obsidian,Shattered Web Case,103,2,0.0,1.0,WW,3,1,2.18
P2000,5,Obsidian,Shattered Web Case,103,2,0.0,1.0,BS,4,1,2.44
P2000,5,Obsidian,Shattered Web Case,103,2,0.0,1.0,FN,0,0,11.61
P2000,5,Obsidian,Shattered Web Case,103,2,0.0,1.0,MW,1,0,4.17
P2000,5,Obsidian,Shattered Web Case,103,2,0.0,1.0,FT,2,0,2.0
P2000,5,Obsidian,Shattered Web Case,103,2,0.0,1.0,WW,3,0,1.39
P2000,5,Obsidian,Shattered Web Case,103,2,0.0,1.0,BS,4,0,1.23
P2000,5,Woodsman,Operation Hydra Case,104,2,0.0,0.8,FN,0,1,28.12
P2000,5,Woodsman,Operation Hydra Case,104,2,0.0,0.8,MW,1,1,20.43
P2000,5,Woodsman,Operation Hydra Case,104,2,0.0,0.8,FT,2,1,14.75
P2000,5,Woodsman,Operation Hydra Case,104,2,0.0,0.8,WW,3,1,16.71
P2000,5,Woodsman,Operation Hydra Case,104,2,0.0,0.8,BS,4,1,13.82
P2000,5,Woodsman,Operation Hydra Case,104,2,0.0,0.8,FN,0,0,15.53
P2000,5,Woodsman,Operation Hydra Case,104,2,0.0,0.8,MW,1,0,8.59
P2000,5,Woodsman,Operation Hydra Case,104,2,0.0,0.8,FT,2,0,7.15
P2000,5,Woodsman,Operation Hydra Case,104,2,0.0,0.8,WW,3,0,6.51
P2000,5,Woodsman,Operation Hydra Case,104,2,0.0,0.8,BS,4,0,5.75
P2000,5,Handgun,Falchion Case,105,2,0.0,1.0,FN,0,1,21.22
P2000,5,Handgun,Falchion Case,105,2,0.0,1.0,MW,1,1,4.6
P2000,5,Handgun,Falchion Case,105,2,0.0,1.0,FT,2,1,2.42
P2000,5,Handgun,Falchion Case,105,2,0.0,1.0,WW,3,1,1.43
P2000,5,Handgun,Falchion Case,105,2,0.0,1.0,BS,4,1,1.24
P2000,5,Handgun,Falchion Case,105,2,0.0,1.0,FN,0,0,5.81
P2000,5,Handgun,Falchion Case,105,2,0.0,1.0,MW,1,0,1.75
P2000,5,Handgun,Falchion Case,105,2,0.0,1.0,FT,2,0,0.73
P2000,5,Handgun,Falchion Case,105,2,0.0,1.0,WW,3,0,0.54
P2000,5,Handgun,Falchion Case,105,2,0.0,1.0,BS,4,0,0.48
P2000,5,Lifted Spirits,Dreams & Nightmares Case,106,1,0.0,1.0,FN,0,1,0.95
P2000,5,Lifted Spirits,Dreams & Nightmares Case,106,1,0.0,1.0,MW,1,1,0.32
P2000,5,Lifted Spirits,Dreams & Nightmares Case,106,1,0.0,1.0,FT,2,1,0.14
P2000,5,Lifted Spirits,Dreams & Nightmares Case,106,1,0.0,1.0,WW,3,1,0.13
P2000,5,Lifted Spirits,Dreams & Nightmares Case,106,1,0.0,1.0,BS,4,1,0.18
P2000,5,Lifted Spirits,Dreams & Nightmares Case,106,1,0.0,1.0,FN,0,0,0.24
P2000,5,Lifted Spirits,Dreams & Nightmares Case,106,1,0.0,1.0,MW,1,0,0.11
P2000,5,Lifted Spirits,Dreams & Nightmares Case,106,1,0.0,1.0,FT,2,0,0.08
P2000,5,Lifted Spirits,Dreams & Nightmares Case,106,1,0.0,1.0,WW,3,0,0.07
P2000,5,Lifted Spirits,Dreams & Nightmares Case,106,1,0.0,1.0,BS,4,0,0.07
P2000,5,Gnarled,Fracture Case,107,1,0.0,1.0,FN,0,1,1.2
P2000,5,Gnarled,Fracture Case,107,1,0.0,1.0,MW,1,1,0.26
P2000,5,Gnarled,Fracture Case,107,1,0.0,1.0,FT,2,1,0.12
P2000,5,Gnarled,Fracture Case,107,1,0.0,1.0,WW,3,1,0.12
P2000,5,Gnarled,Fracture Case,107,1,0.0,1.0,BS,4,1,0.11
P2000,5,Gnarled,Fracture Case,107,1,0.0,1.0,FN,0,0,0.25
P2000,5,Gnarled,Fracture Case,107,1,0.0,1.0,MW,1,0,0.11
P2000,5,Gnarled,Fracture Case,107,1,0.0,1.0,FT,2,0,0.07
P2000,5,Gnarled,Fracture Case,107,1,0.0,1.0,WW,3,0,0.07
P2000,5,Gnarled,Fracture Case,107,1,0.0,1.0,BS,4,0,0.07
P2000,5,Urban Hazard,Clutch Case,71,1,0.0,1.0,FN,0,1,1.21
P2000,5,Urban Hazard,Clutch Case,71,1,0.0,1.0,MW,1,1,0.27
P2000,5,Urban Hazard,Clutch Case,71,1,0.0,1.0,FT,2,1,0.11
P2000,5,Urban Hazard,Clutch Case,71,1,0.0,1.0,WW,3,1,0.11
P2000,5,Urban Hazard,Clutch Case,71,1,0.0,1.0,BS,4,1,0.11
P2000,5,Urban Hazard,Clutch Case,71,1,0.0,1.0,FN,0,0,0.29
P2000,5,Urban Hazard,Clutch Case,71,1,0.0,1.0,MW,1,0,0.11
P2000,5,Urban Hazard,Clutch Case,71,1,0.0,1.0,FT,2,0,0.07
P2000,5,Urban Hazard,Clutch Case,71,1,0.0,1.0,WW,3,0,0.07
P2000,5,Urban Hazard,Clutch Case,71,1,0.0,1.0,BS,4,0,0.07
P2000,5,Turf,Glove Case,108,1,0.0,1.0,FN,0,1,5.03
P2000,5,Turf,Glove Case,108,1,0.0,1.0,MW,1,1,0.83
P2000,5,Turf,Glove Case,108,1,0.0,1.0,FT,2,1,0.29
P2000,5,Turf,Glove Case,108,1,0.0,1.0,WW,3,1,0.23
P2000,5,Turf,Glove Case,108,1,0.0,1.0,BS,4,1,0.23
P2000,5,Turf,Glove Case,108,1,0.0,1.0,FN,0,0,0.99
P2000,5,Turf,Glove Case,108,1,0.0,1.0,MW,1,0,0.18
P2000,5,Turf,Glove Case,108,1,0.0,1.0,FT,2,0,0.11
P2000,5,Turf,Glove Case,108,1,0.0,1.0,WW,3,0,0.12
P2000,5,Turf,Glove Case,108,1,0.0,1.0,BS,4,0,0.1
P2000,5,Oceanic,Chroma 3 Case,109,1,0.0,0.6,FN,0,1,1.22
P2000,5,Oceanic,Chroma 3 Case,109,1,0.0,0.6,MW,1,1,0.52
P2000,5,Oceanic,Chroma 3 Case,109,1,0.0,0.6,FT,2,1,0.16
P2000,5,Oceanic,Chroma 3 Case,109,1,0.0,0.6,WW,3,1,0.21
P2000,5,Oceanic,Chroma 3 Case,109,1,0.0,0.6,BS,4,1,0.15
P2000,5,Oceanic,Chroma 3 Case,109,1,0.0,0.6,FN,0,0,0.28
P2000,5,Oceanic,Chroma 3 Case,109,1,0.0,0.6,MW,1,0,0.14
P2000,5,Oceanic,Chroma 3 Case,109,1,0.0,0.6,FT,2,0,0.08
P2000,5,Oceanic,Chroma 3 Case,109,1,0.0,0.6,WW,3,0,0.1
P2000,5,Oceanic,Chroma 3 Case,109,1,0.0,0.6,BS,4,0,0.08
P2000,5,Imperial,Revolver Case,110,1,0.0,0.2,FN,0,1,1.51
P2000,5,Imperial,Revolver Case,110,1,0.0,0.2,MW,1,1,1.09
P2000,5,Imperial,Revolver Case,110,1,0.0,0.2,FT,2,1,0.84
P2000,5,Imperial,Revolver Case,110,1,0.0,0.2,FN,0,0,0.37
P2000,5,Imperial,Revolver Case,110,1,0.0,0.2,MW,1,0,0.24
P2000,5,Imperial,Revolver Case,110,1,0.0,0.2,FT,2,0,0.15
P2000,5,Ivory,Operation Breakout Weapon Case,111,1,0.0,1.0,FN,0,1,3.77
P2000,5,Ivory,Operation Breakout Weapon Case,111,1,0.0,1.0,MW,1,1,0.52
P2000,5,Ivory,Operation Breakout Weapon Case,111,1,0.0,1.0,FT,2,1,0.27
P2000,5,Ivory,Operation Breakout Weapon Case,111,1,0.0,1.0,WW,3,1,0.24
P2000,5,Ivory,Operation Breakout Weapon Case,111,1,0.0,1.0,BS,4,1,0.18
P2000,5,Ivory,Operation Breakout Weapon Case,111,1,0.0,1.0,FN,0,0,0.64
P2000,5,Ivory,Operation Breakout Weapon Case,111,1,0.0,1.0,MW,1,0,0.14
P2000,5,Ivory,Operation Breakout Weapon Case,111,1,0.0,1.0,FT,2,0,0.09
P2000,5,Ivory,Operation Breakout Weapon Case,111,1,0.0,1.0,WW,3,0,0.08
P2000,5,Ivory,Operation Breakout Weapon Case,111,1,0.0,1.0,BS,4,0,0.08
P2000,5,Pulse,Huntsman Weapon Case,112,1,0.0,0.6,FN,0,1,3.0
P2000,5,Pulse,Huntsman Weapon Case,112,1,0.0,0.6,MW,1,1,2.32
P2000,5,Pulse,Huntsman Weapon Case,112,1,0.0,0.6,FT,2,1,1.72
P2000,5,Pulse,Huntsman Weapon Case,112,1,0.0,0.6,WW,3,1,1.85
P2000,5,Pulse,Huntsman Weapon Case,112,1,0.0,0.6,BS,4,1,1.65
P2000,5,Pulse,Huntsman Weapon Case,112,1,0.0,0.6,FN,0,0,2.5
P2000,5,Pulse,Huntsman Weapon Case,112,1,0.0,0.6,MW,1,0,2.39
P2000,5,Pulse,Huntsman Weapon Case,112,1,0.0,0.6,FT,2,0,2.72
P2000,5,Pulse,Huntsman Weapon Case,112,1,0.0,0.6,WW,3,0,2.96
P2000,5,Pulse,Huntsman Weapon Case,112,1,0.0,0.6,BS,4,0,2.72
P2000,5,Red FragCam,CS:GO Weapon Case 3,113,1,0.0,0.7,FN,0,1,7.77
P2000,5,Red FragCam,CS:GO Weapon Case 3,113,1,0.0,0.7,MW,1,1,3.79
P2000,5,Red FragCam,CS:GO Weapon Case 3,113,1,0.0,0.7,FT,2,1,3.01
P2000,5,Red FragCam,CS:GO Weapon Case 3,113,1,0.0,0.7,WW,3,1,3.49
P2000,5,Red FragCam,CS:GO Weapon Case 3,113,1,0.0,0.7,BS,4,1,2.48
P2000,5,Red FragCam,CS:GO Weapon Case 3,113,1,0.0,0.7,FN,0,0,2.47
P2000,5,Red FragCam,CS:GO Weapon Case 3,113,1,0.0,0.7,MW,1,0,1.91
P2000,5,Red FragCam,CS:GO Weapon Case 3,113,1,0.0,0.7,FT,2,0,1.61
P2000,5,Red FragCam,CS:GO Weapon Case 3,113,1,0.0,0.7,WW,3,0,1.5
P2000,5,Red FragCam,CS:GO Weapon Case 3,113,1,0.0,0.7,BS,4,0,1.47
P250,6,See Ya Later,Spectrum 2 Case,114,4,0.0,0.7,FN,0,1,55.94
P250,6,See Ya Later,Spectrum 2 Case,114,4,0.0,0.7,MW,1,1,20.27
P250,6,See Ya Later,Spectrum 2 Case,114,4,0.0,0.7,FT,2,1,8.6
P250,6,See Ya Later,Spectrum 2 Case,114,4,0.0,0.7,WW,3,1,15.89
P250,6,See Ya Later,Spectrum 2 Case,114,4,0.0,0.7,BS,4,1,8.99
P250,6,See Ya Later,Spectrum 2 Case,114,4,0.0,0.7,FN,0,0,10.92
P250,6,See Ya Later,Spectrum 2 Case,114,4,0.0,0.7,MW,1,0,5.44
P250,6,See Ya Later,Spectrum 2 Case,114,4,0.0,0.7,FT,2,0,2.72
P250,6,See Ya Later,Spectrum 2 Case,114,4,0.0,0.7,WW,3,0,4.46
P250,6,See Ya Later,Spectrum 2 Case,114,4,0.0,0.7,BS,4,0,2.54
P250,6,Visions,Recoil Case,115,3,0.0,0.7,FN,0,1,25.7
P250,6,Visions,Recoil Case,115,3,0.0,0.7,MW,1,1,11.96
P250,6,Visions,Recoil Case,115,3,0.0,0.7,FT,2,1,6.03
P250,6,Visions,Recoil Case,115,3,0.0,0.7,WW,3,1,5.18
P250,6,Visions,Recoil Case,115,3,0.0,0.7,BS,4,1,4.4
P250,6,Visions,Recoil Case,115,3,0.0,0.7,FN,0,0,10.15
P250,6,Visions,Recoil Case,115,3,0.0,0.7,MW,1,0,5.46
P250,6,Visions,Recoil Case,115,3,0.0,0.7,FT,2,0,3.07
P250,6,Visions,Recoil Case,115,3,0.0,0.7,WW,3,0,2.92
P250,6,Visions,Recoil Case,115,3,0.0,0.7,BS,4,0,2.41
P250,6,Asiimov,Chroma 3 Case,116,3,0.1,1.0,MW,1,1,70.52
P250,6,Asiimov,Chroma 3 Case,116,3,0.1,1.0,FT,2,1,12.5
P250,6,Asiimov,Chroma 3 Case,116,3,0.1,1.0,WW,3,1,9.94
P250,6,Asiimov,Chroma 3 Case,116,3,0.1,1.0,BS,4,1,7.54
P250,6,Asiimov,Chroma 3 Case,116,3,0.1,1.0,MW,1,0,21.06
P250,6,Asiimov,Chroma 3 Case,116,3,0.1,1.0,FT,2,0,3.05
P250,6,Asiimov,Chroma 3 Case,116,3,0.1,1.0,WW,3,0,2.71
P250,6,Asiimov,Chroma 3 Case,116,3,0.1,1.0,BS,4,0,1.44
P250,6,Muertos,Chroma Case,117,3,0.0,0.6,FN,0,1,32.72
P250,6,Muertos,Chroma Case,117,3,0.0,0.6,MW,1,1,16.41
P250,6,Muertos,Chroma Case,117,3,0.0,0.6,FT,2,1,13.11
P250,6,Muertos,Chroma Case,117,3,0.0,0.6,WW,3,1,15.3
P250,6,Muertos,Chroma Case,117,3,0.0,0.6,BS,4,1,15.37
P250,6,Muertos,Chroma Case,117,3,0.0,0.6,FN,0,0,9.78
P250,6,Muertos,Chroma Case,117,3,0.0,0.6,MW,1,0,5.48
P250,6,Muertos,Chroma Case,117,3,0.0,0.6,FT,2,0,4.4
P250,6,Muertos,Chroma Case,117,3,0.0,0.6,WW,3,0,5.45
P250,6,Muertos,Chroma Case,117,3,0.0,0.6,BS,4,0,5.22
P250,6,Cartel,Operation Vanguard Weapon Case,50,3,0.0,0.75,FN,0,1,83.43
P250,6,Cartel,Operation Vanguard Weapon Case,50,3,0.0,0.75,MW,1,1,24.03
P250,6,Cartel,Operation Vanguard Weapon Case,50,3,0.0,0.75,FT,2,1,16.44
P250,6,Cartel,Operation Vanguard Weapon Case,50,3,0.0,0.75,WW,3,1,18.0
P250,6,Cartel,Operation Vanguard Weapon Case,50,3,0.0,0.75,BS,4,1,16.93
P250,6,Cartel,Operation Vanguard Weapon Case,50,3,0.0,0.75,FN,0,0,17.1
P250,6,Cartel,Operation Vanguard Weapon Case,50,3,0.0,0.75,MW,1,0,6.82
P250,6,Cartel,Operation Vanguard Weapon Case,50,3,0.0,0.75,FT,2,0,5.13
P250,6,Cartel,Operation Vanguard Weapon Case,50,3,0.0,0.75,WW,3,0,6.57
P250,6,Cartel,Operation Vanguard Weapon Case,50,3,0.0,0.75,BS,4,0,5.68
P250,6,Undertow,CS:GO Weapon Case 3,118,3,0.0,0.2,FN,0,1,69.69
P250,6,Undertow,CS:GO Weapon Case 3,118,3,0.0,0.2,MW,1,1,48.0
P250,6,Undertow,CS:GO Weapon Case 3,118,3,0.0,0.2,FT,2,1,44.55
P250,6,Undertow,CS:GO Weapon Case 3,118,3,0.0,0.2,FN,0,0,60.95
P250,6,Undertow,CS:GO Weapon Case 3,118,3,0.0,0.2,MW,1,0,53.75
P250,6,Undertow,CS:GO Weapon Case 3,118,3,0.0,0.2,FT,2,0,56.29
P250,6,Mehndi,Winter Offensive Weapon Case,119,3,0.0,1.0,FN,0,1,111.7
P250,6,Mehndi,Winter Offensive Weapon Case,119,3,0.0,1.0,MW,1,1,43.88
P250,6,Mehndi,Winter Offensive Weapon Case,119,3,0.0,1.0,FT,2,1,38.32
P250,6,Mehndi,Winter Offensive Weapon Case,119,3,0.0,1.0,WW,3,1,26.22
P250,6,Mehndi,Winter Offensive Weapon Case,119,3,0.0,1.0,BS,4,1,27.55
P250,6,Mehndi,Winter Offensive Weapon Case,119,3,0.0,1.0,FN,0,0,25.13
P250,6,Mehndi,Winter Offensive Weapon Case,119,3,0.0,1.0,MW,1,0,14.87
P250,6,Mehndi,Winter Offensive Weapon Case,119,3,0.0,1.0,FT,2,0,12.01
P250,6,Mehndi,Winter Offensive Weapon Case,119,3,0.0,1.0,WW,3,0,12.28
P250,6,Mehndi,Winter Offensive Weapon Case,119,3,0.0,1.0,BS,4,0,11.77
P250,6,Cyber Shell,Snakebite Case,120,2,0.0,0.85,FN,0,1,3.74
P250,6,Cyber Shell,Snakebite Case,120,2,0.0,0.85,MW,1,1,1.26
P250,6,Cyber Shell,Snakebite Case,120,2,0.0,0.85,FT,2,1,0.43
P250,6,Cyber Shell,Snakebite Case,120,2,0.0,0.85,WW,3,1,0.57
P250,6,Cyber Shell,Snakebite Case,120,2,0.0,0.85,BS,4,1,0.39
P250,6,Cyber Shell,Snakebite Case,120,2,0.0,0.85,FN,0,0,1.41
P250,6,Cyber Shell,Snakebite Case,120,2,0.0,0.85,MW,1,0,0.54
P250,6,Cyber Shell,Snakebite Case,120,2,0.0,0.85,FT,2,0,0.23
P250,6,Cyber Shell,Snakebite Case,120,2,0.0,0.85,WW,3,0,0.25
P250,6,Cyber Shell,Snakebite Case,120,2,0.0,0.85,BS,4,0,0.23
P250,6,Inferno,CS20 Case,121,2,0.0,0.68,FN,0,1,5.11
P250,6,Inferno,CS20 Case,121,2,0.0,0.68,MW,1,1,2.36
P250,6,Inferno,CS20 Case,121,2,0.0,0.68,FT,2,1,1.32
P250,6,Inferno,CS20 Case,121,2,0.0,0.68,WW,3,1,1.85
P250,6,Inferno,CS20 Case,121,2,0.0,0.68,BS,4,1,0.92
P250,6,Inferno,CS20 Case,121,2,0.0,0.68,FN,0,0,1.87
P250,6,Inferno,CS20 Case,121,2,0.0,0.68,MW,1,0,1.03
P250,6,Inferno,CS20 Case,121,2,0.0,0.68,FT,2,0,0.71
P250,6,Inferno,CS20 Case,121,2,0.0,0.68,WW,3,0,0.57
P250,6,Inferno,CS20 Case,121,2,0.0,0.68,BS,4,0,0.51
P250,6,X-Ray,X-Ray P250 Package,122,2,0.0,0.3,FN,0,1,3.26
P250,6,X-Ray,X-Ray P250 Package,122,2,0.0,0.3,MW,1,1,1.64
P250,6,X-Ray,X-Ray P250 Package,122,2,0.0,0.3,FT,2,1,1.42
P250,6,X-Ray,X-Ray P250 Package,122,2,0.0,0.3,FN,0,0,0.5
P250,6,X-Ray,X-Ray P250 Package,122,2,0.0,0.3,MW,1,0,0.28
P250,6,X-Ray,X-Ray P250 Package,122,2,0.0,0.3,FT,2,0,0.25
P250,6,Nevermore,Danger Zone Case,123,2,0.0,0.4,FN,0,1,3.79
P250,6,Nevermore,Danger Zone Case,123,2,0.0,0.4,MW,1,1,1.89
P250,6,Nevermore,Danger Zone Case,123,2,0.0,0.4,FT,2,1,1.4
P250,6,Nevermore,Danger Zone Case,123,2,0.0,0.4,WW,3,1,3.08
P250,6,Nevermore,Danger Zone Case,123,2,0.0,0.4,FN,0,0,1.43
P250,6,Nevermore,Danger Zone Case,123,2,0.0,0.4,MW,1,0,0.78
P250,6,Nevermore,Danger Zone Case,123,2,0.0,0.4,FT,2,0,0.55
P250,6,Nevermore,Danger Zone Case,123,2,0.0,0.4,WW,3,0,0.65
P250,6,Red Rock,Operation Hydra Case,124,2,0.0,1.0,FN,0,1,27.3
P250,6,Red Rock,Operation Hydra Case,124,2,0.0,1.0,MW,1,1,18.0
P250,6,Red Rock,Operation Hydra Case,124,2,0.0,1.0,FT,2,1,12.68
P250,6,Red Rock,Operation Hydra Case,124,2,0.0,1.0,WW,3,1,10.88
P250,6,Red Rock,Operation Hydra Case,124,2,0.0,1.0,BS,4,1,11.68
P250,6,Red Rock,Operation Hydra Case,124,2,0.0,1.0,FN,0,0,13.15
P250,6,Red Rock,Operation Hydra Case,124,2,0.0,1.0,MW,1,0,8.8
P250,6,Red Rock,Operation Hydra Case,124,2,0.0,1.0,FT,2,0,7.27
P250,6,Red Rock,Operation Hydra Case,124,2,0.0,1.0,WW,3,0,6.9
P250,6,Red Rock,Operation Hydra Case,124,2,0.0,1.0,BS,4,0,6.27
P250,6,Wingshot,Shadow Case,125,2,0.0,0.9,FN,0,1,12.93
P250,6,Wingshot,Shadow Case,125,2,0.0,0.9,MW,1,1,6.6
P250,6,Wingshot,Shadow Case,125,2,0.0,0.9,FT,2,1,3.15
P250,6,Wingshot,Shadow Case,125,2,0.0,0.9,WW,3,1,2.47
P250,6,Wingshot,Shadow Case,125,2,0.0,0.9,BS,4,1,2.12
P250,6,Wingshot,Shadow Case,125,2,0.0,0.9,FN,0,0,4.69
P250,6,Wingshot,Shadow Case,125,2,0.0,0.9,MW,1,0,2.21
P250,6,Wingshot,Shadow Case,125,2,0.0,0.9,FT,2,0,1.27
P250,6,Wingshot,Shadow Case,125,2,0.0,0.9,WW,3,0,1.16
P250,6,Wingshot,Shadow Case,125,2,0.0,0.9,BS,4,0,1.07
P250,6,Supernova,Operation Breakout Weapon Case,126,2,0.0,0.4,FN,0,1,4.71
P250,6,Supernova,Operation Breakout Weapon Case,126,2,0.0,0.4,MW,1,1,2.56
P250,6,Supernova,Operation Breakout Weapon Case,126,2,0.0,0.4,FT,2,1,1.86
P250,6,Supernova,Operation Breakout Weapon Case,126,2,0.0,0.4,WW,3,1,2.5
P250,6,Supernova,Operation Breakout Weapon Case,126,2,0.0,0.4,FN,0,0,1.45
P250,6,Supernova,Operation Breakout Weapon Case,126,2,0.0,0.4,MW,1,0,0.82
P250,6,Supernova,Operation Breakout Weapon Case,126,2,0.0,0.4,FT,2,0,0.58
P250,6,Supernova,Operation Breakout Weapon Case,126,2,0.0,0.4,WW,3,0,1.12
P250,6,Splash,eSports 2013 Case,127,2,0.06,0.18,FN,0,1,85.22
P250,6,Splash,eSports 2013 Case,127,2,0.06,0.18,MW,1,1,43.14
P250,6,Splash,eSports 2013 Case,127,2,0.06,0.18,FT,2,1,33.65
P250,6,Splash,eSports 2013 Case,127,2,0.06,0.18,FN,0,0,48.21
P250,6,Splash,eSports 2013 Case,127,2,0.06,0.18,MW,1,0,22.37
P250,6,Splash,eSports 2013 Case,127,2,0.06,0.18,FT,2,0,29.49
P250,6,Re.built,Revolution Case,128,1,0.0,0.9,FN,0,1,1.21
P250,6,Re.built,Revolution Case,128,1,0.0,0.9,MW,1,1,0.4
P250,6,Re.built,Revolution Case,128,1,0.0,0.9,FT,2,1,0.16
P250,6,Re.built,Revolution Case,128,1,0.0,0.9,WW,3,1,0.14
P250,6,Re.built,Revolution Case,128,1,0.0,0.9,BS,4,1,0.14
P250,6,Re.built,Revolution Case,128,1,0.0,0.9,FN,0,0,0.28
P250,6,Re.built,Revolution Case,128,1,0.0,0.9,MW,1,0,0.12
P250,6,Re.built,Revolution Case,128,1,0.0,0.9,FT,2,0,0.08
P250,6,Re.built,Revolution Case,128,1,0.0,0.9,WW,3,0,0.07
P250,6,Re.built,Revolution Case,128,1,0.0,0.9,BS,4,0,0.07
P250,6,Contaminant,Operation Broken Fang Case,129,1,0.0,0.7,FN,0,1,2.78
P250,6,Contaminant,Operation Broken Fang Case,129,1,0.0,0.7,MW,1,1,1.1
P250,6,Contaminant,Operation Broken Fang Case,129,1,0.0,0.7,FT,2,1,0.47
P250,6,Contaminant,Operation Broken Fang Case,129,1,0.0,0.7,WW,3,1,1.24
P250,6,Contaminant,Operation Broken Fang Case,129,1,0.0,0.7,BS,4,1,0.36
P250,6,Contaminant,Operation Broken Fang Case,129,1,0.0,0.7,FN,0,0,0.81
P250,6,Contaminant,Operation Broken Fang Case,129,1,0.0,0.7,MW,1,0,0.54
P250,6,Contaminant,Operation Broken Fang Case,129,1,0.0,0.7,FT,2,0,0.58
P250,6,Contaminant,Operation Broken Fang Case,129,1,0.0,0.7,WW,3,0,0.47
P250,6,Contaminant,Operation Broken Fang Case,129,1,0.0,0.7,BS,4,0,0.47
P250,6,Cassette,Fracture Case,130,1,0.0,0.6,FN,0,1,0.7
P250,6,Cassette,Fracture Case,130,1,0.0,0.6,MW,1,1,0.25
P250,6,Cassette,Fracture Case,130,1,0.0,0.6,FT,2,1,0.12
P250,6,Cassette,Fracture Case,130,1,0.0,0.6,WW,3,1,0.12
P250,6,Cassette,Fracture Case,130,1,0.0,0.6,BS,4,1,0.11
P250,6,Cassette,Fracture Case,130,1,0.0,0.6,FN,0,0,0.2
P250,6,Cassette,Fracture Case,130,1,0.0,0.6,MW,1,0,0.11
P250,6,Cassette,Fracture Case,130,1,0.0,0.6,FT,2,0,0.07
P250,6,Cassette,Fracture Case,130,1,0.0,0.6,WW,3,0,0.07
P250,6,Cassette,Fracture Case,130,1,0.0,0.6,BS,4,0,0.07
P250,6,Verdigris,Prisma Case,131,1,0.0,0.7,FN,0,1,1.77
P250,6,Verdigris,Prisma Case,131,1,0.0,0.7,MW,1,1,0.76
P250,6,Verdigris,Prisma Case,131,1,0.0,0.7,FT,2,1,0.29
P250,6,Verdigris,Prisma Case,131,1,0.0,0.7,WW,3,1,0.27
P250,6,Verdigris,Prisma Case,131,1,0.0,0.7,BS,4,1,0.24
P250,6,Verdigris,Prisma Case,131,1,0.0,0.7,FN,0,0,0.53
P250,6,Verdigris,Prisma Case,131,1,0.0,0.7,MW,1,0,0.27
P250,6,Verdigris,Prisma Case,131,1,0.0,0.7,FT,2,0,0.13
P250,6,Verdigris,Prisma Case,131,1,0.0,0.7,WW,3,0,0.15
P250,6,Verdigris,Prisma Case,131,1,0.0,0.7,BS,4,0,0.21
P250,6,Ripple,Spectrum Case,132,1,0.0,0.5,FN,0,1,0.96
P250,6,Ripple,Spectrum Case,132,1,0.0,0.5,MW,1,1,0.69
P250,6,Ripple,Spectrum Case,132,1,0.0,0.5,FT,2,1,0.35
P250,6,Ripple,Spectrum Case,132,1,0.0,0.5,WW,3,1,0.3
P250,6,Ripple,Spectrum Case,132,1,0.0,0.5,BS,4,1,0.37
P250,6,Ripple,Spectrum Case,132,1,0.0,0.5,FN,0,0,0.31
P250,6,Ripple,Spectrum Case,132,1,0.0,0.5,MW,1,0,0.24
P250,6,Ripple,Spectrum Case,132,1,0.0,0.5,FT,2,0,0.19
P250,6,Ripple,Spectrum Case,132,1,0.0,0.5,WW,3,0,0.19
P250,6,Ripple,Spectrum Case,132,1,0.0,0.5,BS,4,0,0.19
P250,6,Iron Clad,Gamma Case,133,1,0.05,0.8,FN,0,1,2.72
P250,6,Iron Clad,Gamma Case,133,1,0.05,0.8,MW,1,1,0.36
P250,6,Iron Clad,Gamma Case,133,1,0.05,0.8,FT,2,1,0.19
P250,6,Iron Clad,Gamma Case,133,1,0.05,0.8,WW,3,1,0.21
P250,6,Iron Clad,Gamma Case,133,1,0.05,0.8,BS,4,1,0.16
P250,6,Iron Clad,Gamma Case,133,1,0.05,0.8,FN,0,0,0.47
P250,6,Iron Clad,Gamma Case,133,1,0.05,0.8,MW,1,0,0.15
P250,6,Iron Clad,Gamma Case,133,1,0.05,0.8,FT,2,0,0.1
P250,6,Iron Clad,Gamma Case,133,1,0.05,0.8,WW,3,0,0.12
P250,6,Iron Clad,Gamma Case,133,1,0.05,0.8,BS,4,0,0.1
P250,6,Valence,Chroma 2 Case,134,1,0.0,0.8,FN,0,1,3.13
P250,6,Valence,Chroma 2 Case,134,1,0.0,0.8,MW,1,1,0.8
P250,6,Valence,Chroma 2 Case,134,1,0.0,0.8,FT,2,1,0.25
P250,6,Valence,Chroma 2 Case,134,1,0.0,0.8,WW,3,1,0.95
P250,6,Valence,Chroma 2 Case,134,1,0.0,0.8,BS,4,1,0.24
P250,6,Valence,Chroma 2 Case,134,1,0.0,0.8,FN,0,0,0.65
P250,6,Valence,Chroma 2 Case,134,1,0.0,0.8,MW,1,0,0.17
P250,6,Valence,Chroma 2 Case,134,1,0.0,0.8,FT,2,0,0.09
P250,6,Valence,Chroma 2 Case,134,1,0.0,0.8,WW,3,0,0.14
P250,6,Valence,Chroma 2 Case,134,1,0.0,0.8,BS,4,0,0.09
P250,6,Steel Disruption,eSports 2013 Winter Case,85,1,0.0,0.2,FN,0,1,6.81
P250,6,Steel Disruption,eSports 2013 Winter Case,85,1,0.0,0.2,MW,1,1,5.36
P250,6,Steel Disruption,eSports 2013 Winter Case,85,1,0.0,0.2,FT,2,1,5.89
P250,6,Steel Disruption,eSports 2013 Winter Case,85,1,0.0,0.2,FN,0,0,1.99
P250,6,Steel Disruption,eSports 2013 Winter Case,85,1,0.0,0.2,MW,1,0,1.8
P250,6,Steel Disruption,eSports 2013 Winter Case,85,1,0.0,0.2,FT,2,0,1.76
P250,6,Hive,CS:GO Weapon Case 2,135,1,0.0,0.3,FN,0,1,8.47
P250,6,Hive,CS:GO Weapon Case 2,135,1,0.0,0.3,MW,1,1,7.03
P250,6,Hive,CS:GO Weapon Case 2,135,1,0.0,0.3,FT,2,1,6.93
P250,6,Hive,CS:GO Weapon Case 2,135,1,0.0,0.3,FN,0,0,6.9
P250,6,Hive,CS:GO Weapon Case 2,135,1,0.0,0.3,MW,1,0,6.22
P250,6,Hive,CS:GO Weapon Case 2,135,1,0.0,0.3,FT,2,0,5.47
R8 Revolver,7,Fade,Revolver Case,136,4,0.0,0.4,FN,0,1,80.09
R8 Revolver,7,Fade,Revolver Case,136,4,0.0,0.4,MW,1,1,39.58
R8 Revolver,7,Fade,Revolver Case,136,4,0.0,0.4,FT,2,1,24.24
R8 Revolver,7,Fade,Revolver Case,136,4,0.0,0.4,WW,3,1,42.84
R8 Revolver,7,Fade,Revolver Case,136,4,0.0,0.4,FN,0,0,19.62
R8 Revolver,7,Fade,Revolver Case,136,4,0.0,0.4,MW,1,0,8.7
R8 Revolver,7,Fade,Revolver Case,136,4,0.0,0.4,FT,2,0,6.13
R8 Revolver,7,Fade,Revolver Case,136,4,0.0,0.4,WW,3,0,7.89
R8 Revolver,7,Skull Crusher,Prisma Case,137,3,0.25,0.8,FT,2,1,3.27
R8 Revolver,7,Skull Crusher,Prisma Case,137,3,0.25,0.8,WW,3,1,2.71
R8 Revolver,7,Skull Crusher,Prisma Case,137,3,0.25,0.8,BS,4,1,2.91
R8 Revolver,7,Skull Crusher,Prisma Case,137,3,0.25,0.8,FT,2,0,1.53
R8 Revolver,7,Skull Crusher,Prisma Case,137,3,0.25,0.8,WW,3,0,1.29
R8 Revolver,7,Skull Crusher,Prisma Case,137,3,0.25,0.8,BS,4,0,1.19
R8 Revolver,7,Llama Cannon,Spectrum 2 Case,138,3,0.03,0.7,FN,0,1,34.88
R8 Revolver,7,Llama Cannon,Spectrum 2 Case,138,3,0.03,0.7,MW,1,1,12.0
R8 Revolver,7,Llama Cannon,Spectrum 2 Case,138,3,0.03,0.7,FT,2,1,5.25
R8 Revolver,7,Llama Cannon,Spectrum 2 Case,138,3,0.03,0.7,WW,3,1,6.0
R8 Revolver,7,Llama Cannon,Spectrum 2 Case,138,3,0.03,0.7,BS,4,1,4.14
R8 Revolver,7,Llama Cannon,Spectrum 2 Case,138,3,0.03,0.7,FN,0,0,11.75
R8 Revolver,7,Llama Cannon,Spectrum 2 Case,138,3,0.03,0.7,MW,1,0,4.57
R8 Revolver,7,Llama Cannon,Spectrum 2 Case,138,3,0.03,0.7,FT,2,0,2.47
R8 Revolver,7,Llama Cannon,Spectrum 2 Case,138,3,0.03,0.7,WW,3,0,2.25
R8 Revolver,7,Llama Cannon,Spectrum 2 Case,138,3,0.03,0.7,BS,4,0,1.88
R8 Revolver,7,Banana Cannon,Revolution Case,139,2,0.0,1.0,FN,0,1,6.24
R8 Revolver,7,Banana Cannon,Revolution Case,139,2,0.0,1.0,MW,1,1,1.95
R8 Revolver,7,Banana Cannon,Revolution Case,139,2,0.0,1.0,FT,2,1,0.8
R8 Revolver,7,Banana Cannon,Revolution Case,139,2,0.0,1.0,WW,3,1,0.69
R8 Revolver,7,Banana Cannon,Revolution Case,139,2,0.0,1.0,BS,4,1,0.69
R8 Revolver,7,Banana Cannon,Revolution Case,139,2,0.0,1.0,FN,0,0,2.07
R8 Revolver,7,Banana Cannon,Revolution Case,139,2,0.0,1.0,MW,1,0,0.85
R8 Revolver,7,Banana Cannon,Revolution Case,139,2,0.0,1.0,FT,2,0,0.34
R8 Revolver,7,Banana Cannon,Revolution Case,139,2,0.0,1.0,WW,3,0,0.27
R8 Revolver,7,Banana Cannon,Revolution Case,139,2,0.0,1.0,BS,4,0,0.25
R8 Revolver,7,Crazy 8,Recoil Case,140,2,0.0,1.0,FN,0,1,6.3
R8 Revolver,7,Crazy 8,Recoil Case,140,2,0.0,1.0,MW,1,1,2.36
R8 Revolver,7,Crazy 8,Recoil Case,140,2,0.0,1.0,FT,2,1,1.27
R8 Revolver,7,Crazy 8,Recoil Case,140,2,0.0,1.0,WW,3,1,1.05
R8 Revolver,7,Crazy 8,Recoil Case,140,2,0.0,1.0,BS,4,1,1.03
R8 Revolver,7,Crazy 8,Recoil Case,140,2,0.0,1.0,FN,0,0,2.24
R8 Revolver,7,Crazy 8,Recoil Case,140,2,0.0,1.0,MW,1,0,0.98
R8 Revolver,7,Crazy 8,Recoil Case,140,2,0.0,1.0,FT,2,0,0.53
R8 Revolver,7,Crazy 8,Recoil Case,140,2,0.0,1.0,WW,3,0,0.42
R8 Revolver,7,Crazy 8,Recoil Case,140,2,0.0,1.0,BS,4,0,0.42
R8 Revolver,7,Reboot,Gamma Case,141,2,0.0,1.0,FN,0,1,13.8
R8 Revolver,7,Reboot,Gamma Case,141,2,0.0,1.0,MW,1,1,3.6
R8 Revolver,7,Reboot,Gamma Case,141,2,0.0,1.0,FT,2,1,1.31
R8 Revolver,7,Reboot,Gamma Case,141,2,0.0,1.0,WW,3,1,1.16
R8 Revolver,7,Reboot,Gamma Case,141,2,0.0,1.0,BS,4,1,1.04
R8 Revolver,7,Reboot,Gamma Case,141,2,0.0,1.0,FN,0,0,3.17
R8 Revolver,7,Reboot,Gamma Case,141,2,0.0,1.0,MW,1,0,1.05
R8 Revolver,7,Reboot,Gamma Case,141,2,0.0,1.0,FT,2,0,0.46
R8 Revolver,7,Reboot,Gamma Case,141,2,0.0,1.0,WW,3,0,0.35
R8 Revolver,7,Reboot,Gamma Case,141,2,0.0,1.0,BS,4,0,0.35
R8 Revolver,7,Junk Yard,Snakebite Case,142,1,0.0,1.0,FN,0,1,1.63
R8 Revolver,7,Junk Yard,Snakebite Case,142,1,0.0,1.0,MW,1,1,0.57
R8 Revolver,7,Junk Yard,Snakebite Case,142,1,0.0,1.0,FT,2,1,0.25
R8 Revolver,7,Junk Yard,Snakebite Case,142,1,0.0,1.0,WW,3,1,0.23
R8 Revolver,7,Junk Yard,Snakebite Case,142,1,0.0,1.0,BS,4,1,0.24
R8 Revolver,7,Junk Yard,Snakebite Case,142,1,0.0,1.0,FN,0,0,0.47
R8 Revolver,7,Junk Yard,Snakebite Case,142,1,0.0,1.0,MW,1,0,0.15
R8 Revolver,7,Junk Yard,Snakebite Case,142,1,0.0,1.0,FT,2,0,0.11
R8 Revolver,7,Junk Yard,Snakebite Case,142,1,0.0,1.0,WW,3,0,0.09
R8 Revolver,7,Junk Yard,Snakebite Case,142,1,0.0,1.0,BS,4,0,0.09
R8 Revolver,7,Bone Forged,Prisma 2 Case,143,1,0.0,0.6,FN,0,1,0.8
R8 Revolver,7,Bone Forged,Prisma 2 Case,143,1,0.0,0.6,MW,1,1,0.31
R8 Revolver,7,Bone Forged,Prisma 2 Case,143,1,0.0,0.6,FT,2,1,0.17
R8 Revolver,7,Bone Forged,Prisma 2 Case,143,1,0.0,0.6,WW,3,1,0.15
R8 Revolver,7,Bone Forged,Prisma 2 Case,143,1,0.0,0.6,BS,4,1,0.12
R8 Revolver,7,Bone Forged,Prisma 2 Case,143,1,0.0,0.6,FN,0,0,0.2
R8 Revolver,7,Bone Forged,Prisma 2 Case,143,1,0.0,0.6,MW,1,0,0.11
R8 Revolver,7,Bone Forged,Prisma 2 Case,143,1,0.0,0.6,FT,2,0,0.07
R8 Revolver,7,Bone Forged,Prisma 2 Case,143,1,0.0,0.6,WW,3,0,0.07
R8 Revolver,7,Bone Forged,Prisma 2 Case,143,1,0.0,0.6,BS,4,0,0.07
R8 Revolver,7,Memento,Shattered Web Case,144,1,0.0,0.8,FN,0,1,7.63
R8 Revolver,7,Memento,Shattered Web Case,144,1,0.0,0.8,MW,1,1,1.88
R8 Revolver,7,Memento,Shattered Web Case,144,1,0.0,0.8,FT,2,1,0.93
R8 Revolver,7,Memento,Shattered Web Case,144,1,0.0,0.8,WW,3,1,1.12
R8 Revolver,7,Memento,Shattered Web Case,144,1,0.0,0.8,BS,4,1,0.7
R8 Revolver,7,Memento,Shattered Web Case,144,1,0.0,0.8,FN,0,0,1.85
R8 Revolver,7,Memento,Shattered Web Case,144,1,0.0,0.8,MW,1,0,1.08
R8 Revolver,7,Memento,Shattered Web Case,144,1,0.0,0.8,FT,2,0,1.09
R8 Revolver,7,Memento,Shattered Web Case,144,1,0.0,0.8,WW,3,0,1.28
R8 Revolver,7,Memento,Shattered Web Case,144,1,0.0,0.8,BS,4,0,1.21
R8 Revolver,7,Survivalist,Horizon Case,145,1,0.0,0.7,FN,0,1,1.34
R8 Revolver,7,Survivalist,Horizon Case,145,1,0.0,0.7,MW,1,1,0.63
R8 Revolver,7,Survivalist,Horizon Case,145,1,0.0,0.7,FT,2,1,0.28
R8 Revolver,7,Survivalist,Horizon Case,145,1,0.0,0.7,WW,3,1,0.25
R8 Revolver,7,Survivalist,Horizon Case,145,1,0.0,0.7,BS,4,1,0.18
R8 Revolver,7,Survivalist,Horizon Case,145,1,0.0,0.7,FN,0,0,0.37
R8 Revolver,7,Survivalist,Horizon Case,145,1,0.0,0.7,MW,1,0,0.23
R8 Revolver,7,Survivalist,Horizon Case,145,1,0.0,0.7,FT,2,0,0.13
R8 Revolver,7,Survivalist,Horizon Case,145,1,0.0,0.7,WW,3,0,0.15
R8 Revolver,7,Survivalist,Horizon Case,145,1,0.0,0.7,BS,4,0,0.11
R8 Revolver,7,Grip,Clutch Case,146,1,0.0,1.0,FN,0,1,1.09
R8 Revolver,7,Grip,Clutch Case,146,1,0.0,1.0,MW,1,1,0.26
R8 Revolver,7,Grip,Clutch Case,146,1,0.0,1.0,FT,2,1,0.12
R8 Revolver,7,Grip,Clutch Case,146,1,0.0,1.0,WW,3,1,0.11
R8 Revolver,7,Grip,Clutch Case,146,1,0.0,1.0,BS,4,1,0.12
R8 Revolver,7,Grip,Clutch Case,146,1,0.0,1.0,FN,0,0,0.3
R8 Revolver,7,Grip,Clutch Case,146,1,0.0,1.0,MW,1,0,0.11
R8 Revolver,7,Grip,Clutch Case,146,1,0.0,1.0,FT,2,0,0.07
R8 Revolver,7,Grip,Clutch Case,146,1,0.0,1.0,WW,3,0,0.07
R8 Revolver,7,Grip,Clutch Case,146,1,0.0,1.0,BS,4,0,0.07
R8 Revolver,7,Crimson Web,Revolver Case,18,1,0.06,0.8,FN,0,1,32.66
R8 Revolver,7,Crimson Web,Revolver Case,18,1,0.06,0.8,MW,1,1,1.15
R8 Revolver,7,Crimson Web,Revolver Case,18,1,0.06,0.8,FT,2,1,0.24
R8 Revolver,7,Crimson Web,Revolver Case,18,1,0.06,0.8,WW,3,1,0.27
R8 Revolver,7,Crimson Web,Revolver Case,18,1,0.06,0.8,BS,4,1,0.21
R8 Revolver,7,Crimson Web,Revolver Case,18,1,0.06,0.8,FN,0,0,3.95
R8 Revolver,7,Crimson Web,Revolver Case,18,1,0.06,0.8,MW,1,0,0.23
R8 Revolver,7,Crimson Web,Revolver Case,18,1,0.06,0.8,FT,2,0,0.09
R8 Revolver,7,Crimson Web,Revolver Case,18,1,0.06,0.8,WW,3,0,0.09
R8 Revolver,7,Crimson Web,Revolver Case,18,1,0.06,0.8,BS,4,0,0.07
Tec-9,8,Decimator,Shattered Web Case,147,3,0.0,0.75,FN,0,1,159.98
Tec-9,8,Decimator,Shattered Web Case,147,3,0.0,0.75,MW,1,1,72.26
Tec-9,8,Decimator,Shattered Web Case,147,3,0.0,0.75,FT,2,1,27.85
Tec-9,8,Decimator,Shattered Web Case,147,3,0.0,0.75,WW,3,1,36.98
Tec-9,8,Decimator,Shattered Web Case,147,3,0.0,0.75,BS,4,1,25.66
Tec-9,8,Decimator,Shattered Web Case,147,3,0.0,0.75,FN,0,0,54.02
Tec-9,8,Decimator,Shattered Web Case,147,3,0.0,0.75,MW,1,0,25.87
Tec-9,8,Decimator,Shattered Web Case,147,3,0.0,0.75,FT,2,0,10.48
Tec-9,8,Decimator,Shattered Web Case,147,3,0.0,0.75,WW,3,0,10.95
Tec-9,8,Decimator,Shattered Web Case,147,3,0.0,0.75,BS,4,0,8.41
Tec-9,8,Fuel Injector,Gamma 2 Case,148,3,0.0,1.0,FN,0,1,59.69
Tec-9,8,Fuel Injector,Gamma 2 Case,148,3,0.0,1.0,MW,1,1,13.86
Tec-9,8,Fuel Injector,Gamma 2 Case,148,3,0.0,1.0,FT,2,1,7.32
Tec-9,8,Fuel Injector,Gamma 2 Case,148,3,0.0,1.0,WW,3,1,5.6
Tec-9,8,Fuel Injector,Gamma 2 Case,148,3,0.0,1.0,BS,4,1,5.56
Tec-9,8,Fuel Injector,Gamma 2 Case,148,3,0.0,1.0,FN,0,0,13.85
Tec-9,8,Fuel Injector,Gamma 2 Case,148,3,0.0,1.0,MW,1,0,5.35
Tec-9,8,Fuel Injector,Gamma 2 Case,148,3,0.0,1.0,FT,2,0,2.44
Tec-9,8,Fuel Injector,Gamma 2 Case,148,3,0.0,1.0,WW,3,0,2.11
Tec-9,8,Fuel Injector,Gamma 2 Case,148,3,0.0,1.0,BS,4,0,1.87
Tec-9,8,Brother,Fracture Case,149,2,0.0,1.0,FN,0,1,3.93
Tec-9,8,Brother,Fracture Case,149,2,0.0,1.0,MW,1,1,1.51
Tec-9,8,Brother,Fracture Case,149,2,0.0,1.0,FT,2,1,0.75
Tec-9,8,Brother,Fracture Case,149,2,0.0,1.0,WW,3,1,0.51
Tec-9,8,Brother,Fracture Case,149,2,0.0,1.0,BS,4,1,0.51
Tec-9,8,Brother,Fracture Case,149,2,0.0,1.0,FN,0,0,1.58
Tec-9,8,Brother,Fracture Case,149,2,0.0,1.0,MW,1,0,0.69
Tec-9,8,Brother,Fracture Case,149,2,0.0,1.0,FT,2,0,0.37
Tec-9,8,Brother,Fracture Case,149,2,0.0,1.0,WW,3,0,0.29
Tec-9,8,Brother,Fracture Case,149,2,0.0,1.0,BS,4,0,0.28
Tec-9,8,Bamboozle,Prisma Case,150,2,0.0,0.8,FN,0,1,4.43
Tec-9,8,Bamboozle,Prisma Case,150,2,0.0,0.8,MW,1,1,1.57
Tec-9,8,Bamboozle,Prisma Case,150,2,0.0,0.8,FT,2,1,0.55
Tec-9,8,Bamboozle,Prisma Case,150,2,0.0,0.8,WW,3,1,1.03
Tec-9,8,Bamboozle,Prisma Case,150,2,0.0,0.8,BS,4,1,0.53
Tec-9,8,Bamboozle,Prisma Case,150,2,0.0,0.8,FN,0,0,1.32
Tec-9,8,Bamboozle,Prisma Case,150,2,0.0,0.8,MW,1,0,0.61
Tec-9,8,Bamboozle,Prisma Case,150,2,0.0,0.8,FT,2,0,0.25
Tec-9,8,Bamboozle,Prisma Case,150,2,0.0,0.8,WW,3,0,0.3
Tec-9,8,Bamboozle,Prisma Case,150,2,0.0,0.8,BS,4,0,0.27
Tec-9,8,Re-Entry,Chroma 3 Case,151,2,0.0,0.43,FN,0,1,4.71
Tec-9,8,Re-Entry,Chroma 3 Case,151,2,0.0,0.43,MW,1,1,1.68
Tec-9,8,Re-Entry,Chroma 3 Case,151,2,0.0,0.43,FT,2,1,0.81
Tec-9,8,Re-Entry,Chroma 3 Case,151,2,0.0,0.43,WW,3,1,1.21
Tec-9,8,Re-Entry,Chroma 3 Case,151,2,0.0,0.43,FN,0,0,1.35
Tec-9,8,Re-Entry,Chroma 3 Case,151,2,0.0,0.43,MW,1,0,0.64
Tec-9,8,Re-Entry,Chroma 3 Case,151,2,0.0,0.43,FT,2,0,0.37
Tec-9,8,Re-Entry,Chroma 3 Case,151,2,0.0,0.43,WW,3,0,0.41
Tec-9,8,Avalanche,Revolver Case,152,2,0.0,1.0,FN,0,1,13.8
Tec-9,8,Avalanche,Revolver Case,152,2,0.0,1.0,MW,1,1,5.75
Tec-9,8,Avalanche,Revolver Case,152,2,0.0,1.0,FT,2,1,2.57
Tec-9,8,Avalanche,Revolver Case,152,2,0.0,1.0,WW,3,1,2.08
Tec-9,8,Avalanche,Revolver Case,152,2,0.0,1.0,BS,4,1,1.4
Tec-9,8,Avalanche,Revolver Case,152,2,0.0,1.0,FN,0,0,3.95
Tec-9,8,Avalanche,Revolver Case,152,2,0.0,1.0,MW,1,0,1.8
Tec-9,8,Avalanche,Revolver Case,152,2,0.0,1.0,FT,2,0,0.93
Tec-9,8,Avalanche,Revolver Case,152,2,0.0,1.0,WW,3,0,0.55
Tec-9,8,Avalanche,Revolver Case,152,2,0.0,1.0,BS,4,0,0.53
Tec-9,8,Titanium Bit,CS:GO Weapon Case 3,153,2,0.0,0.2,FN,0,1,18.56
Tec-9,8,Titanium Bit,CS:GO Weapon Case 3,153,2,0.0,0.2,MW,1,1,14.83
Tec-9,8,Titanium Bit,CS:GO Weapon Case 3,153,2,0.0,0.2,FT,2,1,14.27
Tec-9,8,Titanium Bit,CS:GO Weapon Case 3,153,2,0.0,0.2,FN,0,0,8.1
Tec-9,8,Titanium Bit,CS:GO Weapon Case 3,153,2,0.0,0.2,MW,1,0,7.4
Tec-9,8,Titanium Bit,CS:GO Weapon Case 3,153,2,0.0,0.2,FT,2,0,6.99
Tec-9,8,Rebel,Revolution Case,154,1,0.0,1.0,FN,0,1,1.34
Tec-9,8,Rebel,Revolution Case,154,1,0.0,1.0,MW,1,1,0.38
Tec-9,8,Rebel,Revolution Case,154,1,0.0,1.0,FT,2,1,0.16
Tec-9,8,Rebel,Revolution Case,154,1,0.0,1.0,WW,3,1,0.14
Tec-9,8,Rebel,Revolution Case,154,1,0.0,1.0,BS,4,1,0.15
Tec-9,8,Rebel,Revolution Case,154,1,0.0,1.0,FN,0,0,0.3
Tec-9,8,Rebel,Revolution Case,154,1,0.0,1.0,MW,1,0,0.12
Tec-9,8,Rebel,Revolution Case,154,1,0.0,1.0,FT,2,0,0.08
Tec-9,8,Rebel,Revolution Case,154,1,0.0,1.0,WW,3,0,0.07
Tec-9,8,Rebel,Revolution Case,154,1,0.0,1.0,BS,4,0,0.07
Tec-9,8,Flash Out,CS20 Case,155,1,0.0,0.7,FN,0,1,1.04
Tec-9,8,Flash Out,CS20 Case,155,1,0.0,0.7,MW,1,1,0.35
Tec-9,8,Flash Out,CS20 Case,155,1,0.0,0.7,FT,2,1,0.15
Tec-9,8,Flash Out,CS20 Case,155,1,0.0,0.7,WW,3,1,0.28
Tec-9,8,Flash Out,CS20 Case,155,1,0.0,0.7,BS,4,1,0.15
Tec-9,8,Flash Out,CS20 Case,155,1,0.0,0.7,FN,0,0,0.24
Tec-9,8,Flash Out,CS20 Case,155,1,0.0,0.7,MW,1,0,0.15
Tec-9,8,Flash Out,CS20 Case,155,1,0.0,0.7,FT,2,0,0.16
Tec-9,8,Flash Out,CS20 Case,155,1,0.0,0.7,WW,3,0,0.12
Tec-9,8,Flash Out,CS20 Case,155,1,0.0,0.7,BS,4,0,0.09
Tec-9,8,Fubar,Danger Zone Case,156,1,0.14,1.0,MW,1,1,3.45
Tec-9,8,Fubar,Danger Zone Case,156,1,0.14,1.0,FT,2,1,0.15
Tec-9,8,Fubar,Danger Zone Case,156,1,0.14,1.0,WW,3,1,0.13
Tec-9,8,Fubar,Danger Zone Case,156,1,0.14,1.0,BS,4,1,0.11
Tec-9,8,Fubar,Danger Zone Case,156,1,0.14,1.0,MW,1,0,1.33
Tec-9,8,Fubar,Danger Zone Case,156,1,0.14,1.0,FT,2,0,0.08
Tec-9,8,Fubar,Danger Zone Case,156,1,0.14,1.0,WW,3,0,0.07
Tec-9,8,Fubar,Danger Zone Case,156,1,0.14,1.0,BS,4,0,0.07
Tec-9,8,Snek-9,Horizon Case,157,1,0.0,1.0,FN,0,1,3.13
Tec-9,8,Snek-9,Horizon Case,157,1,0.0,1.0,MW,1,1,0.62
Tec-9,8,Snek-9,Horizon Case,157,1,0.0,1.0,FT,2,1,0.28
Tec-9,8,Snek-9,Horizon Case,157,1,0.0,1.0,WW,3,1,0.19
Tec-9,8,Snek-9,Horizon Case,157,1,0.0,1.0,BS,4,1,0.17
Tec-9,8,Snek-9,Horizon Case,157,1,0.0,1.0,FN,0,0,0.54
Tec-9,8,Snek-9,Horizon Case,157,1,0.0,1.0,MW,1,0,0.21
Tec-9,8,Snek-9,Horizon Case,157,1,0.0,1.0,FT,2,0,0.14
Tec-9,8,Snek-9,Horizon Case,157,1,0.0,1.0,WW,3,0,0.12
Tec-9,8,Snek-9,Horizon Case,157,1,0.0,1.0,BS,4,0,0.12
Tec-9,8,Cracked Opal,Spectrum 2 Case,158,1,0.0,1.0,FN,0,1,1.5
Tec-9,8,Cracked Opal,Spectrum 2 Case,158,1,0.0,1.0,MW,1,1,0.35
Tec-9,8,Cracked Opal,Spectrum 2 Case,158,1,0.0,1.0,FT,2,1,0.15
Tec-9,8,Cracked Opal,Spectrum 2 Case,158,1,0.0,1.0,WW,3,1,0.12
Tec-9,8,Cracked Opal,Spectrum 2 Case,158,1,0.0,1.0,BS,4,1,0.11
Tec-9,8,Cracked Opal,Spectrum 2 Case,158,1,0.0,1.0,FN,0,0,0.32
Tec-9,8,Cracked Opal,Spectrum 2 Case,158,1,0.0,1.0,MW,1,0,0.11
Tec-9,8,Cracked Opal,Spectrum 2 Case,158,1,0.0,1.0,FT,2,0,0.09
Tec-9,8,Cracked Opal,Spectrum 2 Case,158,1,0.0,1.0,WW,3,0,0.07
Tec-9,8,Cracked Opal,Spectrum 2 Case,158,1,0.0,1.0,BS,4,0,0.07
Tec-9,8,Cut Out,Operation Hydra Case,159,1,0.0,1.0,FN,0,1,19.16
Tec-9,8,Cut Out,Operation Hydra Case,159,1,0.0,1.0,MW,1,1,5.87
Tec-9,8,Cut Out,Operation Hydra Case,159,1,0.0,1.0,FT,2,1,4.09
Tec-9,8,Cut Out,Operation Hydra Case,159,1,0.0,1.0,WW,3,1,3.36
Tec-9,8,Cut Out,Operation Hydra Case,159,1,0.0,1.0,BS,4,1,3.5
Tec-9,8,Cut Out,Operation Hydra Case,159,1,0.0,1.0,FN,0,0,7.7
Tec-9,8,Cut Out,Operation Hydra Case,159,1,0.0,1.0,MW,1,0,3.51
Tec-9,8,Cut Out,Operation Hydra Case,159,1,0.0,1.0,FT,2,0,3.27
Tec-9,8,Cut Out,Operation Hydra Case,159,1,0.0,1.0,WW,3,0,2.25
Tec-9,8,Cut Out,Operation Hydra Case,159,1,0.0,1.0,BS,4,0,2.64
Tec-9,8,Ice Cap,Gamma Case,160,1,0.0,0.5,FN,0,1,1.62
Tec-9,8,Ice Cap,Gamma Case,160,1,0.0,0.5,MW,1,1,0.96
Tec-9,8,Ice Cap,Gamma Case,160,1,0.0,0.5,FT,2,1,0.35
Tec-9,8,Ice Cap,Gamma Case,160,1,0.0,0.5,WW,3,1,0.6
Tec-9,8,Ice Cap,Gamma Case,160,1,0.0,0.5,BS,4,1,0.72
Tec-9,8,Ice Cap,Gamma Case,160,1,0.0,0.5,FN,0,0,0.49
Tec-9,8,Ice Cap,Gamma Case,160,1,0.0,0.5,MW,1,0,0.23
Tec-9,8,Ice Cap,Gamma Case,160,1,0.0,0.5,FT,2,0,0.11
Tec-9,8,Ice Cap,Gamma Case,160,1,0.0,0.5,WW,3,0,0.12
Tec-9,8,Ice Cap,Gamma Case,160,1,0.0,0.5,BS,4,0,0.12
Tec-9,8,Jambiya,Operation Wildfire Case,161,1,0.0,1.0,FN,0,1,3.12
Tec-9,8,Jambiya,Operation Wildfire Case,161,1,0.0,1.0,MW,1,1,1.04
Tec-9,8,Jambiya,Operation Wildfire Case,161,1,0.0,1.0,FT,2,1,0.53
Tec-9,8,Jambiya,Operation Wildfire Case,161,1,0.0,1.0,WW,3,1,0.42
Tec-9,8,Jambiya,Operation Wildfire Case,161,1,0.0,1.0,BS,4,1,0.42
Tec-9,8,Jambiya,Operation Wildfire Case,161,1,0.0,1.0,FN,0,0,1.15
Tec-9,8,Jambiya,Operation Wildfire Case,161,1,0.0,1.0,MW,1,0,0.54
Tec-9,8,Jambiya,Operation Wildfire Case,161,1,0.0,1.0,FT,2,0,0.55
Tec-9,8,Jambiya,Operation Wildfire Case,161,1,0.0,1.0,WW,3,0,0.38
Tec-9,8,Jambiya,Operation Wildfire Case,161,1,0.0,1.0,BS,4,0,0.41
Tec-9,8,Isaac,Huntsman Weapon Case,162,1,0.0,1.0,FN,0,1,34.28
Tec-9,8,Isaac,Huntsman Weapon Case,162,1,0.0,1.0,MW,1,1,5.63
Tec-9,8,Isaac,Huntsman Weapon Case,162,1,0.0,1.0,FT,2,1,2.62
Tec-9,8,Isaac,Huntsman Weapon Case,162,1,0.0,1.0,WW,3,1,1.88
Tec-9,8,Isaac,Huntsman Weapon Case,162,1,0.0,1.0,BS,4,1,1.53
Tec-9,8,Isaac,Huntsman Weapon Case,162,1,0.0,1.0,FN,0,0,11.59
Tec-9,8,Isaac,Huntsman Weapon Case,162,1,0.0,1.0,MW,1,0,3.13
Tec-9,8,Isaac,Huntsman Weapon Case,162,1,0.0,1.0,FT,2,0,3.0
Tec-9,8,Isaac,Huntsman Weapon Case,162,1,0.0,1.0,WW,3,0,2.44
Tec-9,8,Isaac,Huntsman Weapon Case,162,1,0.0,1.0,BS,4,0,2.2
Tec-9,8,Sandstorm,Operation Phoenix Weapon Case,163,1,0.1,0.7,MW,1,1,3.11
Tec-9,8,Sandstorm,Operation Phoenix Weapon Case,163,1,0.1,0.7,FT,2,1,0.46
Tec-9,8,Sandstorm,Operation Phoenix Weapon Case,163,1,0.1,0.7,WW,3,1,0.74
Tec-9,8,Sandstorm,Operation Phoenix Weapon Case,163,1,0.1,0.7,BS,4,1,0.36
Tec-9,8,Sandstorm,Operation Phoenix Weapon Case,163,1,0.1,0.7,MW,1,0,1.3
Tec-9,8,Sandstorm,Operation Phoenix Weapon Case,163,1,0.1,0.7,FT,2,0,0.28
Tec-9,8,Sandstorm,Operation Phoenix Weapon Case,163,1,0.1,0.7,WW,3,0,0.24
Tec-9,8,Sandstorm,Operation Phoenix Weapon Case,163,1,0.1,0.7,BS,4,0,0.21
Tec-9,8,Blue Titanium,CS:GO Weapon Case 2,164,1,0.0,0.04,FN,0,1,10.14
Tec-9,8,Blue Titanium,CS:GO Weapon Case 2,164,1,0.0,0.04,FN,0,0,7.64
USP-S,9,Printstream,Recoil Case,20,4,0.0,0.85,FN,0,1,355.0
USP-S,9,Printstream,Recoil Case,20,4,0.0,0.85,MW,1,1,144.33
USP-S,9,Printstream,Recoil Case,20,4,0.0,0.85,FT,2,1,80.0
USP-S,9,Printstream,Recoil Case,20,4,0.0,0.85,WW,3,1,84.54
USP-S,9,Printstream,Recoil Case,20,4,0.0,0.85,BS,4,1,59.88
USP-S,9,Printstream,Recoil Case,20,4,0.0,0.85,FN,0,0,126.4
USP-S,9,Printstream,Recoil Case,20,4,0.0,0.85,MW,1,0,62.96
USP-S,9,Printstream,Recoil Case,20,4,0.0,0.85,FT,2,0,39.23
USP-S,9,Printstream,Recoil Case,20,4,0.0,0.85,WW,3,0,39.3
USP-S,9,Printstream,Recoil Case,20,4,0.0,0.85,BS,4,0,29.48
USP-S,9,The Traitor,Snakebite Case,165,4,0.0,1.0,FN,0,1,236.58
USP-S,9,The Traitor,Snakebite Case,165,4,0.0,1.0,MW,1,1,70.0
USP-S,9,The Traitor,Snakebite Case,165,4,0.0,1.0,FT,2,1,37.14
USP-S,9,The Traitor,Snakebite Case,165,4,0.0,1.0,WW,3,1,29.8
USP-S,9,The Traitor,Snakebite Case,165,4,0.0,1.0,BS,4,1,28.4
USP-S,9,The Traitor,Snakebite Case,165,4,0.0,1.0,FN,0,0,58.73
USP-S,9,The Traitor,Snakebite Case,165,4,0.0,1.0,MW,1,0,19.87
USP-S,9,The Traitor,Snakebite Case,165,4,0.0,1.0,FT,2,0,12.58
USP-S,9,The Traitor,Snakebite Case,165,4,0.0,1.0,WW,3,0,9.82
USP-S,9,The Traitor,Snakebite Case,165,4,0.0,1.0,BS,4,0,8.85
USP-S,9,Neo-Noir,Spectrum Case,74,4,0.0,0.7,FN,0,1,161.17
USP-S,9,Neo-Noir,Spectrum Case,74,4,0.0,0.7,MW,1,1,68.81
USP-S,9,Neo-Noir,Spectrum Case,74,4,0.0,0.7,FT,2,1,41.49
USP-S,9,Neo-Noir,Spectrum Case,74,4,0.0,0.7,WW,3,1,58.71
USP-S,9,Neo-Noir,Spectrum Case,74,4,0.0,0.7,BS,4,1,38.45
USP-S,9,Neo-Noir,Spectrum Case,74,4,0.0,0.7,FN,0,0,41.95
USP-S,9,Neo-Noir,Spectrum Case,74,4,0.0,0.7,MW,1,0,22.51
USP-S,9,Neo-Noir,Spectrum Case,74,4,0.0,0.7,FT,2,0,15.7
USP-S,9,Neo-Noir,Spectrum Case,74,4,0.0,0.7,WW,3,0,17.59
USP-S,9,Neo-Noir,Spectrum Case,74,4,0.0,0.7,BS,4,0,13.54
USP-S,9,Kill Confirmed,Shadow Case,166,4,0.0,1.0,FN,0,1,661.88
USP-S,9,Kill Confirmed,Shadow Case,166,4,0.0,1.0,MW,1,1,264.5
USP-S,9,Kill Confirmed,Shadow Case,166,4,0.0,1.0,FT,2,1,150.04
USP-S,9,Kill Confirmed,Shadow Case,166,4,0.0,1.0,WW,3,1,119.48
USP-S,9,Kill Confirmed,Shadow Case,166,4,0.0,1.0,BS,4,1,115.01
USP-S,9,Kill Confirmed,Shadow Case,166,4,0.0,1.0,FN,0,0,191.6
USP-S,9,Kill Confirmed,Shadow Case,166,4,0.0,1.0,MW,1,0,81.85
USP-S,9,Kill Confirmed,Shadow Case,166,4,0.0,1.0,FT,2,0,49.71
USP-S,9,Kill Confirmed,Shadow Case,166,4,0.0,1.0,WW,3,0,41.94
USP-S,9,Kill Confirmed,Shadow Case,166,4,0.0,1.0,BS,4,0,40.25
USP-S,9,Monster Mashup,Operation Broken Fang Case,167,3,0.0,0.7,FN,0,1,106.23
USP-S,9,Monster Mashup,Operation Broken Fang Case,167,3,0.0,0.7,MW,1,1,56.88
USP-S,9,Monster Mashup,Operation Broken Fang Case,167,3,0.0,0.7,FT,2,1,28.0
USP-S,9,Monster Mashup,Operation Broken Fang Case,167,3,0.0,0.7,WW,3,1,31.91
USP-S,9,Monster Mashup,Operation Broken Fang Case,167,3,0.0,0.7,BS,4,1,25.11
USP-S,9,Monster Mashup,Operation Broken Fang Case,167,3,0.0,0.7,FN,0,0,42.66
USP-S,9,Monster Mashup,Operation Broken Fang Case,167,3,0.0,0.7,MW,1,0,28.63
USP-S,9,Monster Mashup,Operation Broken Fang Case,167,3,0.0,0.7,FT,2,0,17.28
USP-S,9,Monster Mashup,Operation Broken Fang Case,167,3,0.0,0.7,WW,3,0,16.5
USP-S,9,Monster Mashup,Operation Broken Fang Case,167,3,0.0,0.7,BS,4,0,15.7
USP-S,9,Cortex,Clutch Case,168,3,0.0,1.0,FN,0,1,35.26
USP-S,9,Cortex,Clutch Case,168,3,0.0,1.0,MW,1,1,10.95
USP-S,9,Cortex,Clutch Case,168,3,0.0,1.0,FT,2,1,5.63
USP-S,9,Cortex,Clutch Case,168,3,0.0,1.0,WW,3,1,4.37
USP-S,9,Cortex,Clutch Case,168,3,0.0,1.0,BS,4,1,3.7
USP-S,9,Cortex,Clutch Case,168,3,0.0,1.0,FN,0,0,10.76
USP-S,9,Cortex,Clutch Case,168,3,0.0,1.0,MW,1,0,3.92
USP-S,9,Cortex,Clutch Case,168,3,0.0,1.0,FT,2,0,2.01
USP-S,9,Cortex,Clutch Case,168,3,0.0,1.0,WW,3,0,1.66
USP-S,9,Cortex,Clutch Case,168,3,0.0,1.0,BS,4,0,1.55
USP-S,9,Caiman,Huntsman Weapon Case,169,3,0.0,0.4,FN,0,1,117.61
USP-S,9,Caiman,Huntsman Weapon Case,169,3,0.0,0.4,MW,1,1,100.94
USP-S,9,Caiman,Huntsman Weapon Case,169,3,0.0,0.4,FT,2,1,67.17
USP-S,9,Caiman,Huntsman Weapon Case,169,3,0.0,0.4,WW,3,1,71.68
USP-S,9,Caiman,Huntsman Weapon Case,169,3,0.0,0.4,FN,0,0,62.96
USP-S,9,Caiman,Huntsman Weapon Case,169,3,0.0,0.4,MW,1,0,52.36
USP-S,9,Caiman,Huntsman Weapon Case,169,3,0.0,0.4,FT,2,0,40.19
USP-S,9,Caiman,Huntsman Weapon Case,169,3,0.0,0.4,WW,3,0,44.77
USP-S,9,Orion,The Huntsman Collection,170,3,0.0,0.5,FN,0,1,159.17
USP-S,9,Orion,The Huntsman Collection,170,3,0.0,0.5,MW,1,1,120.14
USP-S,9,Orion,The Huntsman Collection,170,3,0.0,0.5,FT,2,1,104.79
USP-S,9,Orion,The Huntsman Collection,170,3,0.0,0.5,WW,3,1,149.77
USP-S,9,Orion,The Huntsman Collection,170,3,0.0,0.5,BS,4,1,251.89
USP-S,9,Orion,The Huntsman Collection,170,3,0.0,0.5,FN,0,0,64.06
USP-S,9,Orion,The Huntsman Collection,170,3,0.0,0.5,MW,1,0,52.32
USP-S,9,Orion,The Huntsman Collection,170,3,0.0,0.5,FT,2,0,51.33
USP-S,9,Orion,The Huntsman Collection,170,3,0.0,0.5,WW,3,0,63.13
USP-S,9,Orion,The Huntsman Collection,170,3,0.0,0.5,BS,4,0,84.55
USP-S,9,Serum,CS:GO Weapon Case 2,171,3,0.0,0.25,FN,0,1,94.49
USP-S,9,Serum,CS:GO Weapon Case 2,171,3,0.0,0.25,MW,1,1,67.23
USP-S,9,Serum,CS:GO Weapon Case 2,171,3,0.0,0.25,FT,2,1,57.0
USP-S,9,Serum,CS:GO Weapon Case 2,171,3,0.0,0.25,FN,0,0,65.51
USP-S,9,Serum,CS:GO Weapon Case 2,171,3,0.0,0.25,MW,1,0,41.45
USP-S,9,Serum,CS:GO Weapon Case 2,171,3,0.0,0.25,FT,2,0,40.78
USP-S,9,Ticket to Hell,Dreams & Nightmares Case,172,2,0.0,0.76,FN,0,1,9.17
USP-S,9,Ticket to Hell,Dreams & Nightmares Case,172,2,0.0,0.76,MW,1,1,3.4
USP-S,9,Ticket to Hell,Dreams & Nightmares Case,172,2,0.0,0.76,FT,2,1,1.31
USP-S,9,Ticket to Hell,Dreams & Nightmares Case,172,2,0.0,0.76,WW,3,1,2.13
USP-S,9,Ticket to Hell,Dreams & Nightmares Case,172,2,0.0,0.76,BS,4,1,1.07
USP-S,9,Ticket to Hell,Dreams & Nightmares Case,172,2,0.0,0.76,FN,0,0,1.8
USP-S,9,Ticket to Hell,Dreams & Nightmares Case,172,2,0.0,0.76,MW,1,0,0.73
USP-S,9,Ticket to Hell,Dreams & Nightmares Case,172,2,0.0,0.76,FT,2,0,0.29
USP-S,9,Ticket to Hell,Dreams & Nightmares Case,172,2,0.0,0.76,WW,3,0,0.49
USP-S,9,Ticket to Hell,Dreams & Nightmares Case,172,2,0.0,0.76,BS,4,0,0.24
USP-S,9,Flashback,Danger Zone Case,173,2,0.0,0.5,FN,0,1,3.88
USP-S,9,Flashback,Danger Zone Case,173,2,0.0,0.5,MW,1,1,2.01
USP-S,9,Flashback,Danger Zone Case,173,2,0.0,0.5,FT,2,1,1.3
USP-S,9,Flashback,Danger Zone Case,173,2,0.0,0.5,WW,3,1,2.47
USP-S,9,Flashback,Danger Zone Case,173,2,0.0,0.5,BS,4,1,3.19
USP-S,9,Flashback,Danger Zone Case,173,2,0.0,0.5,FN,0,0,1.35
USP-S,9,Flashback,Danger Zone Case,173,2,0.0,0.5,MW,1,0,0.76
USP-S,9,Flashback,Danger Zone Case,173,2,0.0,0.5,FT,2,0,0.48
USP-S,9,Flashback,Danger Zone Case,173,2,0.0,0.5,WW,3,0,0.5
USP-S,9,Flashback,Danger Zone Case,173,2,0.0,0.5,BS,4,0,0.52
USP-S,9,Cyrex,Glove Case,174,2,0.0,0.55,FN,0,1,15.27
USP-S,9,Cyrex,Glove Case,174,2,0.0,0.55,MW,1,1,7.13
USP-S,9,Cyrex,Glove Case,174,2,0.0,0.55,FT,2,1,3.69
USP-S,9,Cyrex,Glove Case,174,2,0.0,0.55,WW,3,1,6.53
USP-S,9,Cyrex,Glove Case,174,2,0.0,0.55,BS,4,1,3.93
USP-S,9,Cyrex,Glove Case,174,2,0.0,0.55,FN,0,0,3.35
USP-S,9,Cyrex,Glove Case,174,2,0.0,0.55,MW,1,0,1.87
USP-S,9,Cyrex,Glove Case,174,2,0.0,0.55,FT,2,0,1.08
USP-S,9,Cyrex,Glove Case,174,2,0.0,0.55,WW,3,0,1.57
USP-S,9,Cyrex,Glove Case,174,2,0.0,0.55,BS,4,0,1.24
USP-S,9,Guardian,Operation Phoenix Weapon Case,175,2,0.0,0.38,FN,0,1,12.05
USP-S,9,Guardian,Operation Phoenix Weapon Case,175,2,0.0,0.38,MW,1,1,7.66
USP-S,9,Guardian,Operation Phoenix Weapon Case,175,2,0.0,0.38,FT,2,1,4.3
USP-S,9,Guardian,Operation Phoenix Weapon Case,175,2,0.0,0.38,FN,0,0,5.26
USP-S,9,Guardian,Operation Phoenix Weapon Case,175,2,0.0,0.38,MW,1,0,3.45
USP-S,9,Guardian,Operation Phoenix Weapon Case,175,2,0.0,0.38,FT,2,0,2.56
USP-S,9,Overgrowth,Operation Bravo Case,176,2,0.06,0.8,FN,0,1,325.49
USP-S,9,Overgrowth,Operation Bravo Case,176,2,0.06,0.8,MW,1,1,76.67
USP-S,9,Overgrowth,Operation Bravo Case,176,2,0.06,0.8,FT,2,1,52.58
USP-S,9,Overgrowth,Operation Bravo Case,176,2,0.06,0.8,WW,3,1,47.1
USP-S,9,Overgrowth,Operation Bravo Case,176,2,0.06,0.8,BS,4,1,53.31
USP-S,9,Overgrowth,Operation Bravo Case,176,2,0.06,0.8,FN,0,0,81.54
USP-S,9,Overgrowth,Operation Bravo Case,176,2,0.06,0.8,MW,1,0,29.45
USP-S,9,Overgrowth,Operation Bravo Case,176,2,0.06,0.8,FT,2,0,26.4
USP-S,9,Overgrowth,Operation Bravo Case,176,2,0.06,0.8,WW,3,0,27.4
USP-S,9,Overgrowth,Operation Bravo Case,176,2,0.06,0.8,BS,4,0,26.22
USP-S,9,Dark Water,CS:GO Weapon Case,177,2,0.1,0.26,MW,1,1,164.28
USP-S,9,Dark Water,CS:GO Weapon Case,177,2,0.1,0.26,FT,2,1,142.31
USP-S,9,Dark Water,CS:GO Weapon Case,177,2,0.1,0.26,MW,1,0,78.11
USP-S,9,Dark Water,CS:GO Weapon Case,177,2,0.1,0.26,FT,2,0,71.0
USP-S,9,Black Lotus,Operation Riptide Case,178,1,0.0,0.9,FN,0,1,34.24
USP-S,9,Black Lotus,Operation Riptide Case,178,1,0.0,0.9,MW,1,1,6.36
USP-S,9,Black Lotus,Operation Riptide Case,178,1,0.0,0.9,FT,2,1,3.03
USP-S,9,Black Lotus,Operation Riptide Case,178,1,0.0,0.9,WW,3,1,2.73
USP-S,9,Black Lotus,Operation Riptide Case,178,1,0.0,0.9,BS,4,1,2.5
USP-S,9,Black Lotus,Operation Riptide Case,178,1,0.0,0.9,FN,0,0,6.0
USP-S,9,Black Lotus,Operation Riptide Case,178,1,0.0,0.9,MW,1,0,1.61
USP-S,9,Black Lotus,Operation Riptide Case,178,1,0.0,0.9,FT,2,0,0.82
USP-S,9,Black Lotus,Operation Riptide Case,178,1,0.0,0.9,WW,3,0,0.65
USP-S,9,Black Lotus,Operation Riptide Case,178,1,0.0,0.9,BS,4,0,0.54
USP-S,9,Blueprint,Operation Hydra Case,179,1,0.0,0.86,FN,0,1,149.5
USP-S,9,Blueprint,Operation Hydra Case,179,1,0.0,0.86,MW,1,1,37.8
USP-S,9,Blueprint,Operation Hydra Case,179,1,0.0,0.86,FT,2,1,12.95
USP-S,9,Blueprint,Operation Hydra Case,179,1,0.0,0.86,WW,3,1,17.48
USP-S,9,Blueprint,Operation Hydra Case,179,1,0.0,0.86,BS,4,1,11.3
USP-S,9,Blueprint,Operation Hydra Case,179,1,0.0,0.86,FN,0,0,40.14
USP-S,9,Blueprint,Operation Hydra Case,179,1,0.0,0.86,MW,1,0,11.61
USP-S,9,Blueprint,Operation Hydra Case,179,1,0.0,0.86,FT,2,0,4.91
USP-S,9,Blueprint,Operation Hydra Case,179,1,0.0,0.86,WW,3,0,7.24
USP-S,9,Blueprint,Operation Hydra Case,179,1,0.0,0.86,BS,4,0,3.6
USP-S,9,Lead Conduit,Operation Wildfire Case,180,1,0.0,1.0,FN,0,1,16.48
USP-S,9,Lead Conduit,Operation Wildfire Case,180,1,0.0,1.0,MW,1,1,3.46
USP-S,9,Lead Conduit,Operation Wildfire Case,180,1,0.0,1.0,FT,2,1,1.91
USP-S,9,Lead Conduit,Operation Wildfire Case,180,1,0.0,1.0,WW,3,1,1.65
USP-S,9,Lead Conduit,Operation Wildfire Case,180,1,0.0,1.0,BS,4,1,1.54
USP-S,9,Lead Conduit,Operation Wildfire Case,180,1,0.0,1.0,FN,0,0,3.01
USP-S,9,Lead Conduit,Operation Wildfire Case,180,1,0.0,1.0,MW,1,0,0.78
USP-S,9,Lead Conduit,Operation Wildfire Case,180,1,0.0,1.0,FT,2,0,0.57
USP-S,9,Lead Conduit,Operation Wildfire Case,180,1,0.0,1.0,WW,3,0,0.46
USP-S,9,Lead Conduit,Operation Wildfire Case,180,1,0.0,1.0,BS,4,0,0.42
USP-S,9,Torque,Falchion Case,181,1,0.0,0.46,FN,0,1,4.48
USP-S,9,Torque,Falchion Case,181,1,0.0,0.46,MW,1,1,2.99
USP-S,9,Torque,Falchion Case,181,1,0.0,0.46,FT,2,1,1.74
USP-S,9,Torque,Falchion Case,181,1,0.0,0.46,WW,3,1,2.72
USP-S,9,Torque,Falchion Case,181,1,0.0,0.46,BS,4,1,3.3
USP-S,9,Torque,Falchion Case,181,1,0.0,0.46,FN,0,0,1.46
USP-S,9,Torque,Falchion Case,181,1,0.0,0.46,MW,1,0,1.06
USP-S,9,Torque,Falchion Case,181,1,0.0,0.46,FT,2,0,0.6
USP-S,9,Torque,Falchion Case,181,1,0.0,0.46,WW,3,0,0.62
USP-S,9,Torque,Falchion Case,181,1,0.0,0.46,BS,4,0,2.3
USP-S,9,Blood Tiger,eSports 2014 Summer Case,182,1,0.0,0.3,FN,0,1,10.62
USP-S,9,Blood Tiger,eSports 2014 Summer Case,182,1,0.0,0.3,MW,1,1,3.27
USP-S,9,Blood Tiger,eSports 2014 Summer Case,182,1,0.0,0.3,FT,2,1,3.18
USP-S,9,Blood Tiger,eSports 2014 Summer Case,182,1,0.0,0.3,FN,0,0,5.54
USP-S,9,Blood Tiger,eSports 2014 Summer Case,182,1,0.0,0.3,MW,1,0,2.01
USP-S,9,Blood Tiger,eSports 2014 Summer Case,182,1,0.0,0.3,FT,2,0,1.95
USP-S,9,Stainless,CS:GO Weapon Case 3,183,1,0.0,0.8,FN,0,1,95.63
USP-S,9,Stainless,CS:GO Weapon Case 3,183,1,0.0,0.8,MW,1,1,29.99
USP-S,9,Stainless,CS:GO Weapon Case 3,183,1,0.0,0.8,FT,2,1,16.22
USP-S,9,Stainless,CS:GO Weapon Case 3,183,1,0.0,0.8,WW,3,1,24.54
USP-S,9,Stainless,CS:GO Weapon Case 3,183,1,0.0,0.8,BS,4,1,13.3
USP-S,9,Stainless,CS:GO Weapon Case 3,183,1,0.0,0.8,FN,0,0,21.29
USP-S,9,Stainless,CS:GO Weapon Case 3,183,1,0.0,0.8,MW,1,0,8.46
USP-S,9,Stainless,CS:GO Weapon Case 3,183,1,0.0,0.8,FT,2,0,3.79
USP-S,9,Stainless,CS:GO Weapon Case 3,183,1,0.0,0.8,WW,3,0,6.45
USP-S,9,Stainless,CS:GO Weapon Case 3,183,1,0.0,0.8,BS,4,0,2.94
MAC-10,10,Stalker,Shattered Web Case,184,4,0.0,1.0,FN,0,1,374.91
MAC-10,10,Stalker,Shattered Web Case,184,4,0.0,1.0,MW,1,1,100.47
MAC-10,10,Stalker,Shattered Web Case,184,4,0.0,1.0,FT,2,1,45.86
MAC-10,10,Stalker,Shattered Web Case,184,4,0.0,1.0,WW,3,1,38.77
MAC-10,10,Stalker,Shattered Web Case,184,4,0.0,1.0,BS,4,1,31.67
MAC-10,10,Stalker,Shattered Web Case,184,4,0.0,1.0,FN,0,0,73.5
MAC-10,10,Stalker,Shattered Web Case,184,4,0.0,1.0,MW,1,0,26.02
MAC-10,10,Stalker,Shattered Web Case,184,4,0.0,1.0,FT,2,0,14.29
MAC-10,10,Stalker,Shattered Web Case,184,4,0.0,1.0,WW,3,0,12.43
MAC-10,10,Stalker,Shattered Web Case,184,4,0.0,1.0,BS,4,0,12.67
MAC-10,10,Neon Rider,Chroma 2 Case,185,4,0.0,0.45,FN,0,1,45.92
MAC-10,10,Neon Rider,Chroma 2 Case,185,4,0.0,0.45,MW,1,1,25.07
MAC-10,10,Neon Rider,Chroma 2 Case,185,4,0.0,0.45,FT,2,1,20.99
MAC-10,10,Neon Rider,Chroma 2 Case,185,4,0.0,0.45,WW,3,1,21.85
MAC-10,10,Neon Rider,Chroma 2 Case,185,4,0.0,0.45,FN,0,0,11.24
MAC-10,10,Neon Rider,Chroma 2 Case,185,4,0.0,0.45,MW,1,0,7.96
MAC-10,10,Neon Rider,Chroma 2 Case,185,4,0.0,0.45,FT,2,0,6.55
MAC-10,10,Neon Rider,Chroma 2 Case,185,4,0.0,0.45,WW,3,0,6.98
MAC-10,10,Toybox,Operation Riptide Case,186,3,0.0,1.0,FN,0,1,56.5
MAC-10,10,Toybox,Operation Riptide Case,186,3,0.0,1.0,MW,1,1,19.5
MAC-10,10,Toybox,Operation Riptide Case,186,3,0.0,1.0,FT,2,1,9.09
MAC-10,10,Toybox,Operation Riptide Case,186,3,0.0,1.0,WW,3,1,8.7
MAC-10,10,Toybox,Operation Riptide Case,186,3,0.0,1.0,BS,4,1,6.67
MAC-10,10,Toybox,Operation Riptide Case,186,3,0.0,1.0,FN,0,0,18.0
MAC-10,10,Toybox,Operation Riptide Case,186,3,0.0,1.0,MW,1,0,6.28
MAC-10,10,Toybox,Operation Riptide Case,186,3,0.0,1.0,FT,2,0,3.86
MAC-10,10,Toybox,Operation Riptide Case,186,3,0.0,1.0,WW,3,0,3.68
MAC-10,10,Toybox,Operation Riptide Case,186,3,0.0,1.0,BS,4,0,3.49
MAC-10,10,Disco Tech,Prisma 2 Case,187,3,0.0,1.0,FN,0,1,47.08
MAC-10,10,Disco Tech,Prisma 2 Case,187,3,0.0,1.0,MW,1,1,15.69
MAC-10,10,Disco Tech,Prisma 2 Case,187,3,0.0,1.0,FT,2,1,6.84
MAC-10,10,Disco Tech,Prisma 2 Case,187,3,0.0,1.0,WW,3,1,4.37
MAC-10,10,Disco Tech,Prisma 2 Case,187,3,0.0,1.0,BS,4,1,4.15
MAC-10,10,Disco Tech,Prisma 2 Case,187,3,0.0,1.0,FN,0,0,13.8
MAC-10,10,Disco Tech,Prisma 2 Case,187,3,0.0,1.0,MW,1,0,5.43
MAC-10,10,Disco Tech,Prisma 2 Case,187,3,0.0,1.0,FT,2,0,2.55
MAC-10,10,Disco Tech,Prisma 2 Case,187,3,0.0,1.0,WW,3,0,1.69
MAC-10,10,Disco Tech,Prisma 2 Case,187,3,0.0,1.0,BS,4,0,1.55
MAC-10,10,Sakkaku,Revolution Case,188,2,0.21,0.79,FT,2,1,3.65
MAC-10,10,Sakkaku,Revolution Case,188,2,0.21,0.79,WW,3,1,1.67
MAC-10,10,Sakkaku,Revolution Case,188,2,0.21,0.79,BS,4,1,0.81
MAC-10,10,Sakkaku,Revolution Case,188,2,0.21,0.79,FT,2,0,1.18
MAC-10,10,Sakkaku,Revolution Case,188,2,0.21,0.79,WW,3,0,0.48
MAC-10,10,Sakkaku,Revolution Case,188,2,0.21,0.79,BS,4,0,0.25
MAC-10,10,Button Masher,Snakebite Case,189,2,0.0,1.0,FN,0,1,3.56
MAC-10,10,Button Masher,Snakebite Case,189,2,0.0,1.0,MW,1,1,1.15
MAC-10,10,Button Masher,Snakebite Case,189,2,0.0,1.0,FT,2,1,0.43
MAC-10,10,Button Masher,Snakebite Case,189,2,0.0,1.0,WW,3,1,0.41
MAC-10,10,Button Masher,Snakebite Case,189,2,0.0,1.0,BS,4,1,0.4
MAC-10,10,Button Masher,Snakebite Case,189,2,0.0,1.0,FN,0,0,1.34
MAC-10,10,Button Masher,Snakebite Case,189,2,0.0,1.0,MW,1,0,0.49
MAC-10,10,Button Masher,Snakebite Case,189,2,0.0,1.0,FT,2,0,0.24
MAC-10,10,Button Masher,Snakebite Case,189,2,0.0,1.0,WW,3,0,0.23
MAC-10,10,Button Masher,Snakebite Case,189,2,0.0,1.0,BS,4,0,0.23
MAC-10,10,Allure,Fracture Case,190,2,0.0,1.0,FN,0,1,4.5
MAC-10,10,Allure,Fracture Case,190,2,0.0,1.0,MW,1,1,1.51
MAC-10,10,Allure,Fracture Case,190,2,0.0,1.0,FT,2,1,0.66
MAC-10,10,Allure,Fracture Case,190,2,0.0,1.0,WW,3,1,0.51
MAC-10,10,Allure,Fracture Case,190,2,0.0,1.0,BS,4,1,0.52
MAC-10,10,Allure,Fracture Case,190,2,0.0,1.0,FN,0,0,1.5
MAC-10,10,Allure,Fracture Case,190,2,0.0,1.0,MW,1,0,0.69
MAC-10,10,Allure,Fracture Case,190,2,0.0,1.0,FT,2,0,0.37
MAC-10,10,Allure,Fracture Case,190,2,0.0,1.0,WW,3,0,0.28
MAC-10,10,Allure,Fracture Case,190,2,0.0,1.0,BS,4,0,0.25
MAC-10,10,Pipe Down,Danger Zone Case,191,2,0.0,0.9,FN,0,1,7.87
MAC-10,10,Pipe Down,Danger Zone Case,191,2,0.0,0.9,MW,1,1,1.88
MAC-10,10,Pipe Down,Danger Zone Case,191,2,0.0,0.9,FT,2,1,1.05
MAC-10,10,Pipe Down,Danger Zone Case,191,2,0.0,0.9,WW,3,1,0.87
MAC-10,10,Pipe Down,Danger Zone Case,191,2,0.0,0.9,BS,4,1,0.8
MAC-10,10,Pipe Down,Danger Zone Case,191,2,0.0,0.9,FN,0,0,2.03
MAC-10,10,Pipe Down,Danger Zone Case,191,2,0.0,0.9,MW,1,0,0.8
MAC-10,10,Pipe Down,Danger Zone Case,191,2,0.0,0.9,FT,2,0,0.48
MAC-10,10,Pipe Down,Danger Zone Case,191,2,0.0,0.9,WW,3,0,0.46
MAC-10,10,Pipe Down,Danger Zone Case,191,2,0.0,0.9,BS,4,0,0.42
MAC-10,10,Last Dive,Spectrum Case,192,2,0.0,0.52,FN,0,1,7.08
MAC-10,10,Last Dive,Spectrum Case,192,2,0.0,0.52,MW,1,1,3.68
MAC-10,10,Last Dive,Spectrum Case,192,2,0.0,0.52,FT,2,1,2.99
MAC-10,10,Last Dive,Spectrum Case,192,2,0.0,0.52,WW,3,1,2.62
MAC-10,10,Last Dive,Spectrum Case,192,2,0.0,0.52,BS,4,1,2.5
MAC-10,10,Last Dive,Spectrum Case,192,2,0.0,0.52,FN,0,0,3.06
MAC-10,10,Last Dive,Spectrum Case,192,2,0.0,0.52,MW,1,0,1.75
MAC-10,10,Last Dive,Spectrum Case,192,2,0.0,0.52,FT,2,0,1.51
MAC-10,10,Last Dive,Spectrum Case,192,2,0.0,0.52,WW,3,0,1.42
MAC-10,10,Last Dive,Spectrum Case,192,2,0.0,0.52,BS,4,0,1.43
MAC-10,10,Malachite,Chroma Case,193,2,0.0,0.5,FN,0,1,11.07
MAC-10,10,Malachite,Chroma Case,193,2,0.0,0.5,MW,1,1,8.0
MAC-10,10,Malachite,Chroma Case,193,2,0.0,0.5,FT,2,1,3.52
MAC-10,10,Malachite,Chroma Case,193,2,0.0,0.5,WW,3,1,4.18
MAC-10,10,Malachite,Chroma Case,193,2,0.0,0.5,BS,4,1,2.72
MAC-10,10,Malachite,Chroma Case,193,2,0.0,0.5,FN,0,0,3.47
MAC-10,10,Malachite,Chroma Case,193,2,0.0,0.5,MW,1,0,2.26
MAC-10,10,Malachite,Chroma Case,193,2,0.0,0.5,FT,2,0,1.34
MAC-10,10,Malachite,Chroma Case,193,2,0.0,0.5,WW,3,0,1.34
MAC-10,10,Malachite,Chroma Case,193,2,0.0,0.5,BS,4,0,1.29
MAC-10,10,Tatter,Huntsman Weapon Case,194,2,0.0,0.5,FN,0,1,18.97
MAC-10,10,Tatter,Huntsman Weapon Case,194,2,0.0,0.5,MW,1,1,15.72
MAC-10,10,Tatter,Huntsman Weapon Case,194,2,0.0,0.5,FT,2,1,12.58
MAC-10,10,Tatter,Huntsman Weapon Case,194,2,0.0,0.5,WW,3,1,11.42
MAC-10,10,Tatter,Huntsman Weapon Case,194,2,0.0,0.5,BS,4,1,12.04
MAC-10,10,Tatter,Huntsman Weapon Case,194,2,0.0,0.5,FN,0,0,10.69
MAC-10,10,Tatter,Huntsman Weapon Case,194,2,0.0,0.5,MW,1,0,9.02
MAC-10,10,Tatter,Huntsman Weapon Case,194,2,0.0,0.5,FT,2,0,7.76
MAC-10,10,Tatter,Huntsman Weapon Case,194,2,0.0,0.5,WW,3,0,7.25
MAC-10,10,Tatter,Huntsman Weapon Case,194,2,0.0,0.5,BS,4,0,8.1
MAC-10,10,Curse,The Huntsman Collection,195,2,0.0,0.5,FN,0,1,24.08
MAC-10,10,Curse,The Huntsman Collection,195,2,0.0,0.5,MW,1,1,16.24
MAC-10,10,Curse,The Huntsman Collection,195,2,0.0,0.5,FT,2,1,13.04
MAC-10,10,Curse,The Huntsman Collection,195,2,0.0,0.5,WW,3,1,19.27
MAC-10,10,Curse,The Huntsman Collection,195,2,0.0,0.5,BS,4,1,35.65
MAC-10,10,Curse,The Huntsman Collection,195,2,0.0,0.5,FN,0,0,10.64
MAC-10,10,Curse,The Huntsman Collection,195,2,0.0,0.5,MW,1,0,8.52
MAC-10,10,Curse,The Huntsman Collection,195,2,0.0,0.5,FT,2,0,8.19
MAC-10,10,Curse,The Huntsman Collection,195,2,0.0,0.5,WW,3,0,10.31
MAC-10,10,Curse,The Huntsman Collection,195,2,0.0,0.5,BS,4,0,11.3
MAC-10,10,Heat,Operation Phoenix Weapon Case,196,2,0.0,1.0,FN,0,1,17.51
MAC-10,10,Heat,Operation Phoenix Weapon Case,196,2,0.0,1.0,MW,1,1,7.52
MAC-10,10,Heat,Operation Phoenix Weapon Case,196,2,0.0,1.0,FT,2,1,3.73
MAC-10,10,Heat,Operation Phoenix Weapon Case,196,2,0.0,1.0,WW,3,1,3.54
MAC-10,10,Heat,Operation Phoenix Weapon Case,196,2,0.0,1.0,BS,4,1,3.07
MAC-10,10,Heat,Operation Phoenix Weapon Case,196,2,0.0,1.0,FN,0,0,6.48
MAC-10,10,Heat,Operation Phoenix Weapon Case,196,2,0.0,1.0,MW,1,0,3.48
MAC-10,10,Heat,Operation Phoenix Weapon Case,196,2,0.0,1.0,FT,2,0,2.3
MAC-10,10,Heat,Operation Phoenix Weapon Case,196,2,0.0,1.0,WW,3,0,2.0
MAC-10,10,Heat,Operation Phoenix Weapon Case,196,2,0.0,1.0,BS,4,0,1.85
MAC-10,10,Graven,Operation Bravo Case,197,2,0.06,0.8,FN,0,1,191.73
MAC-10,10,Graven,Operation Bravo Case,197,2,0.06,0.8,MW,1,1,69.27
MAC-10,10,Graven,Operation Bravo Case,197,2,0.06,0.8,FT,2,1,49.45
MAC-10,10,Graven,Operation Bravo Case,197,2,0.06,0.8,WW,3,1,54.22
MAC-10,10,Graven,Operation Bravo Case,197,2,0.06,0.8,BS,4,1,50.38
MAC-10,10,Graven,Operation Bravo Case,197,2,0.06,0.8,FN,0,0,61.71
MAC-10,10,Graven,Operation Bravo Case,197,2,0.06,0.8,MW,1,0,30.66
MAC-10,10,Graven,Operation Bravo Case,197,2,0.06,0.8,FT,2,0,27.39
MAC-10,10,Graven,Operation Bravo Case,197,2,0.06,0.8,WW,3,0,29.58
MAC-10,10,Graven,Operation Bravo Case,197,2,0.06,0.8,BS,4,0,26.02
MAC-10,10,Monkeyflage,Recoil Case,198,1,0.0,1.0,FN,0,1,1.0
MAC-10,10,Monkeyflage,Recoil Case,198,1,0.0,1.0,MW,1,1,0.29
MAC-10,10,Monkeyflage,Recoil Case,198,1,0.0,1.0,FT,2,1,0.14
MAC-10,10,Monkeyflage,Recoil Case,198,1,0.0,1.0,WW,3,1,0.12
MAC-10,10,Monkeyflage,Recoil Case,198,1,0.0,1.0,BS,4,1,0.12
MAC-10,10,Monkeyflage,Recoil Case,198,1,0.0,1.0,FN,0,0,0.26
MAC-10,10,Monkeyflage,Recoil Case,198,1,0.0,1.0,MW,1,0,0.13
MAC-10,10,Monkeyflage,Recoil Case,198,1,0.0,1.0,FT,2,0,0.08
MAC-10,10,Monkeyflage,Recoil Case,198,1,0.0,1.0,WW,3,0,0.07
MAC-10,10,Monkeyflage,Recoil Case,198,1,0.0,1.0,BS,4,0,0.07
MAC-10,10,Ensnared,Dreams & Nightmares Case,199,1,0.0,0.9,FN,0,1,1.46
MAC-10,10,Ensnared,Dreams & Nightmares Case,199,1,0.0,0.9,MW,1,1,0.34
MAC-10,10,Ensnared,Dreams & Nightmares Case,199,1,0.0,0.9,FT,2,1,0.14
MAC-10,10,Ensnared,Dreams & Nightmares Case,199,1,0.0,0.9,WW,3,1,0.14
MAC-10,10,Ensnared,Dreams & Nightmares Case,199,1,0.0,0.9,BS,4,1,0.17
MAC-10,10,Ensnared,Dreams & Nightmares Case,199,1,0.0,0.9,FN,0,0,0.26
MAC-10,10,Ensnared,Dreams & Nightmares Case,199,1,0.0,0.9,MW,1,0,0.11
MAC-10,10,Ensnared,Dreams & Nightmares Case,199,1,0.0,0.9,FT,2,0,0.07
MAC-10,10,Ensnared,Dreams & Nightmares Case,199,1,0.0,0.9,WW,3,0,0.07
MAC-10,10,Ensnared,Dreams & Nightmares Case,199,1,0.0,0.9,BS,4,0,0.07
MAC-10,10,Classic Crate,CS20 Case,200,1,0.0,1.0,FN,0,1,1.5
MAC-10,10,Classic Crate,CS20 Case,200,1,0.0,1.0,MW,1,1,0.27
MAC-10,10,Classic Crate,CS20 Case,200,1,0.0,1.0,FT,2,1,0.13
MAC-10,10,Classic Crate,CS20 Case,200,1,0.0,1.0,WW,3,1,0.12
MAC-10,10,Classic Crate,CS20 Case,200,1,0.0,1.0,BS,4,1,0.12
MAC-10,10,Classic Crate,CS20 Case,200,1,0.0,1.0,FN,0,0,0.3
MAC-10,10,Classic Crate,CS20 Case,200,1,0.0,1.0,MW,1,0,0.16
MAC-10,10,Classic Crate,CS20 Case,200,1,0.0,1.0,FT,2,0,0.15
MAC-10,10,Classic Crate,CS20 Case,200,1,0.0,1.0,WW,3,0,0.09
MAC-10,10,Classic Crate,CS20 Case,200,1,0.0,1.0,BS,4,0,0.09
MAC-10,10,Whitefish,Prisma Case,201,1,0.0,1.0,FN,0,1,2.53
MAC-10,10,Whitefish,Prisma Case,201,1,0.0,1.0,MW,1,1,1.23
MAC-10,10,Whitefish,Prisma Case,201,1,0.0,1.0,FT,2,1,0.27
MAC-10,10,Whitefish,Prisma Case,201,1,0.0,1.0,WW,3,1,0.21
MAC-10,10,Whitefish,Prisma Case,201,1,0.0,1.0,BS,4,1,0.2
MAC-10,10,Whitefish,Prisma Case,201,1,0.0,1.0,FN,0,0,0.57
MAC-10,10,Whitefish,Prisma Case,201,1,0.0,1.0,MW,1,0,0.25
MAC-10,10,Whitefish,Prisma Case,201,1,0.0,1.0,FT,2,0,0.13
MAC-10,10,Whitefish,Prisma Case,201,1,0.0,1.0,WW,3,0,0.09
MAC-10,10,Whitefish,Prisma Case,201,1,0.0,1.0,BS,4,0,0.09
MAC-10,10,Oceanic,Spectrum 2 Case,109,1,0.0,0.6,FN,0,1,0.84
MAC-10,10,Oceanic,Spectrum 2 Case,109,1,0.0,0.6,MW,1,1,0.37
MAC-10,10,Oceanic,Spectrum 2 Case,109,1,0.0,0.6,FT,2,1,0.15
MAC-10,10,Oceanic,Spectrum 2 Case,109,1,0.0,0.6,WW,3,1,0.19
MAC-10,10,Oceanic,Spectrum 2 Case,109,1,0.0,0.6,BS,4,1,0.13
MAC-10,10,Oceanic,Spectrum 2 Case,109,1,0.0,0.6,FN,0,0,0.23
MAC-10,10,Oceanic,Spectrum 2 Case,109,1,0.0,0.6,MW,1,0,0.13
MAC-10,10,Oceanic,Spectrum 2 Case,109,1,0.0,0.6,FT,2,0,0.09
MAC-10,10,Oceanic,Spectrum 2 Case,109,1,0.0,0.6,WW,3,0,0.08
MAC-10,10,Oceanic,Spectrum 2 Case,109,1,0.0,0.6,BS,4,0,0.08
MAC-10,10,Aloha,Operation Hydra Case,202,1,0.0,0.65,FN,0,1,7.39
MAC-10,10,Aloha,Operation Hydra Case,202,1,0.0,0.65,MW,1,1,4.85
MAC-10,10,Aloha,Operation Hydra Case,202,1,0.0,0.65,FT,2,1,3.72
MAC-10,10,Aloha,Operation Hydra Case,202,1,0.0,0.65,WW,3,1,3.97
MAC-10,10,Aloha,Operation Hydra Case,202,1,0.0,0.65,BS,4,1,3.6
MAC-10,10,Aloha,Operation Hydra Case,202,1,0.0,0.65,FN,0,0,3.41
MAC-10,10,Aloha,Operation Hydra Case,202,1,0.0,0.65,MW,1,0,3.25
MAC-10,10,Aloha,Operation Hydra Case,202,1,0.0,0.65,FT,2,0,3.64
MAC-10,10,Aloha,Operation Hydra Case,202,1,0.0,0.65,WW,3,0,2.66
MAC-10,10,Aloha,Operation Hydra Case,202,1,0.0,0.65,BS,4,0,2.76
MAC-10,10,Carnivore,Gamma Case,203,1,0.0,1.0,FN,0,1,2.3
MAC-10,10,Carnivore,Gamma Case,203,1,0.0,1.0,MW,1,1,0.39
MAC-10,10,Carnivore,Gamma Case,203,1,0.0,1.0,FT,2,1,0.23
MAC-10,10,Carnivore,Gamma Case,203,1,0.0,1.0,WW,3,1,0.16
MAC-10,10,Carnivore,Gamma Case,203,1,0.0,1.0,BS,4,1,0.17
MAC-10,10,Carnivore,Gamma Case,203,1,0.0,1.0,FN,0,0,0.34
MAC-10,10,Carnivore,Gamma Case,203,1,0.0,1.0,MW,1,0,0.16
MAC-10,10,Carnivore,Gamma Case,203,1,0.0,1.0,FT,2,0,0.12
MAC-10,10,Carnivore,Gamma Case,203,1,0.0,1.0,WW,3,0,0.1
MAC-10,10,Carnivore,Gamma Case,203,1,0.0,1.0,BS,4,0,0.09
MAC-10,10,Lapis Gator,Operation Wildfire Case,204,1,0.0,0.5,FN,0,1,2.59
MAC-10,10,Lapis Gator,Operation Wildfire Case,204,1,0.0,0.5,MW,1,1,1.26
MAC-10,10,Lapis Gator,Operation Wildfire Case,204,1,0.0,0.5,FT,2,1,0.6
MAC-10,10,Lapis Gator,Operation Wildfire Case,204,1,0.0,0.5,WW,3,1,0.63
MAC-10,10,Lapis Gator,Operation Wildfire Case,204,1,0.0,0.5,BS,4,1,0.46
MAC-10,10,Lapis Gator,Operation Wildfire Case,204,1,0.0,0.5,FN,0,0,0.76
MAC-10,10,Lapis Gator,Operation Wildfire Case,204,1,0.0,0.5,MW,1,0,0.57
MAC-10,10,Lapis Gator,Operation Wildfire Case,204,1,0.0,0.5,FT,2,0,0.61
MAC-10,10,Lapis Gator,Operation Wildfire Case,204,1,0.0,0.5,WW,3,0,0.5
MAC-10,10,Lapis Gator,Operation Wildfire Case,204,1,0.0,0.5,BS,4,0,0.5
MAC-10,10,Rangeen,Shadow Case,205,1,0.0,0.5,FN,0,1,1.76
MAC-10,10,Rangeen,Shadow Case,205,1,0.0,0.5,MW,1,1,0.8
MAC-10,10,Rangeen,Shadow Case,205,1,0.0,0.5,FT,2,1,0.37
MAC-10,10,Rangeen,Shadow Case,205,1,0.0,0.5,WW,3,1,0.63
MAC-10,10,Rangeen,Shadow Case,205,1,0.0,0.5,BS,4,1,0.46
MAC-10,10,Rangeen,Shadow Case,205,1,0.0,0.5,FN,0,0,0.5
MAC-10,10,Rangeen,Shadow Case,205,1,0.0,0.5,MW,1,0,0.29
MAC-10,10,Rangeen,Shadow Case,205,1,0.0,0.5,FT,2,0,0.16
MAC-10,10,Rangeen,Shadow Case,205,1,0.0,0.5,WW,3,0,0.13
MAC-10,10,Rangeen,Shadow Case,205,1,0.0,0.5,BS,4,0,0.21
MAC-10,10,Ultraviolet,eSports 2014 Summer Case,206,1,0.06,0.8,FN,0,1,92.32
MAC-10,10,Ultraviolet,eSports 2014 Summer Case,206,1,0.06,0.8,MW,1,1,5.14
MAC-10,10,Ultraviolet,eSports 2014 Summer Case,206,1,0.06,0.8,FT,2,1,1.53
MAC-10,10,Ultraviolet,eSports 2014 Summer Case,206,1,0.06,0.8,WW,3,1,1.52
MAC-10,10,Ultraviolet,eSports 2014 Summer Case,206,1,0.06,0.8,BS,4,1,1.08
MAC-10,10,Ultraviolet,eSports 2014 Summer Case,206,1,0.06,0.8,FN,0,0,37.28
MAC-10,10,Ultraviolet,eSports 2014 Summer Case,206,1,0.06,0.8,MW,1,0,3.13
MAC-10,10,Ultraviolet,eSports 2014 Summer Case,206,1,0.06,0.8,FT,2,0,1.96
MAC-10,10,Ultraviolet,eSports 2014 Summer Case,206,1,0.06,0.8,WW,3,0,1.4
MAC-10,10,Ultraviolet,eSports 2014 Summer Case,206,1,0.06,0.8,BS,4,0,1.39
MP5-SD,11,Phosphor,Danger Zone Case,207,3,0.0,0.8,FN,0,1,22.97
MP5-SD,11,Phosphor,Danger Zone Case,207,3,0.0,0.8,MW,1,1,12.85
MP5-SD,11,Phosphor,Danger Zone Case,207,3,0.0,0.8,FT,2,1,6.9
MP5-SD,11,Phosphor,Danger Zone Case,207,3,0.0,0.8,WW,3,1,8.28
MP5-SD,11,Phosphor,Danger Zone Case,207,3,0.0,0.8,BS,4,1,7.27
MP5-SD,11,Phosphor,Danger Zone Case,207,3,0.0,0.8,FN,0,0,9.8
MP5-SD,11,Phosphor,Danger Zone Case,207,3,0.0,0.8,MW,1,0,5.22
MP5-SD,11,Phosphor,Danger Zone Case,207,3,0.0,0.8,FT,2,0,3.26
MP5-SD,11,Phosphor,Danger Zone Case,207,3,0.0,0.8,WW,3,0,3.57
MP5-SD,11,Phosphor,Danger Zone Case,207,3,0.0,0.8,BS,4,0,3.33
MP5-SD,11,Kitbash,Fracture Case,208,2,0.0,0.8,FN,0,1,4.0
MP5-SD,11,Kitbash,Fracture Case,208,2,0.0,0.8,MW,1,1,1.69
MP5-SD,11,Kitbash,Fracture Case,208,2,0.0,0.8,FT,2,1,0.66
MP5-SD,11,Kitbash,Fracture Case,208,2,0.0,0.8,WW,3,1,0.89
MP5-SD,11,Kitbash,Fracture Case,208,2,0.0,0.8,BS,4,1,0.55
MP5-SD,11,Kitbash,Fracture Case,208,2,0.0,0.8,FN,0,0,1.41
MP5-SD,11,Kitbash,Fracture Case,208,2,0.0,0.8,MW,1,0,0.71
MP5-SD,11,Kitbash,Fracture Case,208,2,0.0,0.8,FT,2,0,0.42
MP5-SD,11,Kitbash,Fracture Case,208,2,0.0,0.8,WW,3,0,0.34
MP5-SD,11,Kitbash,Fracture Case,208,2,0.0,0.8,BS,4,0,0.27
MP5-SD,11,Agent,CS20 Case,209,2,0.0,1.0,FN,0,1,14.86
MP5-SD,11,Agent,CS20 Case,209,2,0.0,1.0,MW,1,1,3.04
MP5-SD,11,Agent,CS20 Case,209,2,0.0,1.0,FT,2,1,1.35
MP5-SD,11,Agent,CS20 Case,209,2,0.0,1.0,WW,3,1,1.06
MP5-SD,11,Agent,CS20 Case,209,2,0.0,1.0,BS,4,1,1.33
MP5-SD,11,Agent,CS20 Case,209,2,0.0,1.0,FN,0,0,3.62
MP5-SD,11,Agent,CS20 Case,209,2,0.0,1.0,MW,1,0,1.08
MP5-SD,11,Agent,CS20 Case,209,2,0.0,1.0,FT,2,0,0.65
MP5-SD,11,Agent,CS20 Case,209,2,0.0,1.0,WW,3,0,0.51
MP5-SD,11,Agent,CS20 Case,209,2,0.0,1.0,BS,4,0,0.54
MP5-SD,11,Gauss,Prisma Case,210,2,0.0,1.0,FN,0,1,3.34
MP5-SD,11,Gauss,Prisma Case,210,2,0.0,1.0,MW,1,1,1.11
MP5-SD,11,Gauss,Prisma Case,210,2,0.0,1.0,FT,2,1,0.46
MP5-SD,11,Gauss,Prisma Case,210,2,0.0,1.0,WW,3,1,0.42
MP5-SD,11,Gauss,Prisma Case,210,2,0.0,1.0,BS,4,1,0.47
MP5-SD,11,Gauss,Prisma Case,210,2,0.0,1.0,FN,0,0,1.23
MP5-SD,11,Gauss,Prisma Case,210,2,0.0,1.0,MW,1,0,0.5
MP5-SD,11,Gauss,Prisma Case,210,2,0.0,1.0,FT,2,0,0.26
MP5-SD,11,Gauss,Prisma Case,210,2,0.0,1.0,WW,3,0,0.26
MP5-SD,11,Gauss,Prisma Case,210,2,0.0,1.0,BS,4,0,0.24
MP5-SD,11,Liquidation,Revolution Case,211,1,0.0,1.0,FN,0,1,2.72
MP5-SD,11,Liquidation,Revolution Case,211,1,0.0,1.0,MW,1,1,0.43
MP5-SD,11,Liquidation,Revolution Case,211,1,0.0,1.0,FT,2,1,0.16
MP5-SD,11,Liquidation,Revolution Case,211,1,0.0,1.0,WW,3,1,0.13
MP5-SD,11,Liquidation,Revolution Case,211,1,0.0,1.0,BS,4,1,0.15
MP5-SD,11,Liquidation,Revolution Case,211,1,0.0,1.0,FN,0,0,0.32
MP5-SD,11,Liquidation,Revolution Case,211,1,0.0,1.0,MW,1,0,0.12
MP5-SD,11,Liquidation,Revolution Case,211,1,0.0,1.0,FT,2,0,0.09
MP5-SD,11,Liquidation,Revolution Case,211,1,0.0,1.0,WW,3,0,0.07
MP5-SD,11,Liquidation,Revolution Case,211,1,0.0,1.0,BS,4,0,0.07
MP5-SD,11,Necro Jr.,Dreams & Nightmares Case,212,1,0.0,1.0,FN,0,1,1.26
MP5-SD,11,Necro Jr.,Dreams & Nightmares Case,212,1,0.0,1.0,MW,1,1,0.32
MP5-SD,11,Necro Jr.,Dreams & Nightmares Case,212,1,0.0,1.0,FT,2,1,0.14
MP5-SD,11,Necro Jr.,Dreams & Nightmares Case,212,1,0.0,1.0,WW,3,1,0.13
MP5-SD,11,Necro Jr.,Dreams & Nightmares Case,212,1,0.0,1.0,BS,4,1,0.17
MP5-SD,11,Necro Jr.,Dreams & Nightmares Case,212,1,0.0,1.0,FN,0,0,0.25
MP5-SD,11,Necro Jr.,Dreams & Nightmares Case,212,1,0.0,1.0,MW,1,0,0.11
MP5-SD,11,Necro Jr.,Dreams & Nightmares Case,212,1,0.0,1.0,FT,2,0,0.07
MP5-SD,11,Necro Jr.,Dreams & Nightmares Case,212,1,0.0,1.0,WW,3,0,0.07
MP5-SD,11,Necro Jr.,Dreams & Nightmares Case,212,1,0.0,1.0,BS,4,0,0.07
MP5-SD,11,Condition Zero,Operation Broken Fang Case,213,1,0.0,1.0,FN,0,1,4.98
MP5-SD,11,Condition Zero,Operation Broken Fang Case,213,1,0.0,1.0,MW,1,1,1.16
MP5-SD,11,Condition Zero,Operation Broken Fang Case,213,1,0.0,1.0,FT,2,1,0.46
MP5-SD,11,Condition Zero,Operation Broken Fang Case,213,1,0.0,1.0,WW,3,1,0.37
MP5-SD,11,Condition Zero,Operation Broken Fang Case,213,1,0.0,1.0,BS,4,1,0.36
MP5-SD,11,Condition Zero,Operation Broken Fang Case,213,1,0.0,1.0,FN,0,0,1.0
MP5-SD,11,Condition Zero,Operation Broken Fang Case,213,1,0.0,1.0,MW,1,0,0.6
MP5-SD,11,Condition Zero,Operation Broken Fang Case,213,1,0.0,1.0,FT,2,0,0.52
MP5-SD,11,Condition Zero,Operation Broken Fang Case,213,1,0.0,1.0,WW,3,0,0.42
MP5-SD,11,Condition Zero,Operation Broken Fang Case,213,1,0.0,1.0,BS,4,0,0.4
MP5-SD,11,Desert Strike,Prisma 2 Case,214,1,0.0,1.0,FN,0,1,1.79
MP5-SD,11,Desert Strike,Prisma 2 Case,214,1,0.0,1.0,MW,1,1,0.26
MP5-SD,11,Desert Strike,Prisma 2 Case,214,1,0.0,1.0,FT,2,1,0.12
MP5-SD,11,Desert Strike,Prisma 2 Case,214,1,0.0,1.0,WW,3,1,0.11
MP5-SD,11,Desert Strike,Prisma 2 Case,214,1,0.0,1.0,BS,4,1,0.11
MP5-SD,11,Desert Strike,Prisma 2 Case,214,1,0.0,1.0,FN,0,0,0.27
MP5-SD,11,Desert Strike,Prisma 2 Case,214,1,0.0,1.0,MW,1,0,0.11
MP5-SD,11,Desert Strike,Prisma 2 Case,214,1,0.0,1.0,FT,2,0,0.08
MP5-SD,11,Desert Strike,Prisma 2 Case,214,1,0.0,1.0,WW,3,0,0.07
MP5-SD,11,Desert Strike,Prisma 2 Case,214,1,0.0,1.0,BS,4,0,0.07
MP5-SD,11,Acid Wash,Shattered Web Case,215,1,0.0,0.68,FN,0,1,5.0
MP5-SD,11,Acid Wash,Shattered Web Case,215,1,0.0,0.68,MW,1,1,2.26
MP5-SD,11,Acid Wash,Shattered Web Case,215,1,0.0,0.68,FT,2,1,0.8
MP5-SD,11,Acid Wash,Shattered Web Case,215,1,0.0,0.68,WW,3,1,2.73
MP5-SD,11,Acid Wash,Shattered Web Case,215,1,0.0,0.68,BS,4,1,0.74
MP5-SD,11,Acid Wash,Shattered Web Case,215,1,0.0,0.68,FN,0,0,1.33
MP5-SD,11,Acid Wash,Shattered Web Case,215,1,0.0,0.68,MW,1,0,1.04
MP5-SD,11,Acid Wash,Shattered Web Case,215,1,0.0,0.68,FT,2,0,1.07
MP5-SD,11,Acid Wash,Shattered Web Case,215,1,0.0,0.68,WW,3,0,1.06
MP5-SD,11,Acid Wash,Shattered Web Case,215,1,0.0,0.68,BS,4,0,0.93
MP7,12,Bloodsport,Clutch Case,216,4,0.0,0.65,FN,0,1,19.0
MP7,12,Bloodsport,Clutch Case,216,4,0.0,0.65,MW,1,1,8.0
MP7,12,Bloodsport,Clutch Case,216,4,0.0,0.65,FT,2,1,4.91
MP7,12,Bloodsport,Clutch Case,216,4,0.0,0.65,WW,3,1,7.42
MP7,12,Bloodsport,Clutch Case,216,4,0.0,0.65,BS,4,1,5.13
MP7,12,Bloodsport,Clutch Case,216,4,0.0,0.65,FN,0,0,4.14
MP7,12,Bloodsport,Clutch Case,216,4,0.0,0.65,MW,1,0,2.33
MP7,12,Bloodsport,Clutch Case,216,4,0.0,0.65,FT,2,0,1.39
MP7,12,Bloodsport,Clutch Case,216,4,0.0,0.65,WW,3,0,2.32
MP7,12,Bloodsport,Clutch Case,216,4,0.0,0.65,BS,4,0,1.4
MP7,12,Abyssal Apparition,Dreams & Nightmares Case,217,3,0.0,1.0,FN,0,1,22.57
MP7,12,Abyssal Apparition,Dreams & Nightmares Case,217,3,0.0,1.0,MW,1,1,6.44
MP7,12,Abyssal Apparition,Dreams & Nightmares Case,217,3,0.0,1.0,FT,2,1,2.78
MP7,12,Abyssal Apparition,Dreams & Nightmares Case,217,3,0.0,1.0,WW,3,1,2.18
MP7,12,Abyssal Apparition,Dreams & Nightmares Case,217,3,0.0,1.0,BS,4,1,2.13
MP7,12,Abyssal Apparition,Dreams & Nightmares Case,217,3,0.0,1.0,FN,0,0,8.39
MP7,12,Abyssal Apparition,Dreams & Nightmares Case,217,3,0.0,1.0,MW,1,0,3.23
MP7,12,Abyssal Apparition,Dreams & Nightmares Case,217,3,0.0,1.0,FT,2,0,1.49
MP7,12,Abyssal Apparition,Dreams & Nightmares Case,217,3,0.0,1.0,WW,3,0,1.26
MP7,12,Abyssal Apparition,Dreams & Nightmares Case,217,3,0.0,1.0,BS,4,0,1.24
MP7,12,Nemesis,Falchion Case,218,3,0.0,0.32,FN,0,1,43.1
MP7,12,Nemesis,Falchion Case,218,3,0.0,0.32,MW,1,1,17.34
MP7,12,Nemesis,Falchion Case,218,3,0.0,0.32,FT,2,1,13.69
MP7,12,Nemesis,Falchion Case,218,3,0.0,0.32,FN,0,0,12.44
MP7,12,Nemesis,Falchion Case,218,3,0.0,0.32,MW,1,0,6.45
MP7,12,Nemesis,Falchion Case,218,3,0.0,0.32,FT,2,0,5.57
MP7,12,Neon Ply,Shattered Web Case,219,2,0.0,1.0,FN,0,1,17.25
MP7,12,Neon Ply,Shattered Web Case,219,2,0.0,1.0,MW,1,1,7.64
MP7,12,Neon Ply,Shattered Web Case,219,2,0.0,1.0,FT,2,1,2.99
MP7,12,Neon Ply,Shattered Web Case,219,2,0.0,1.0,WW,3,1,2.45
MP7,12,Neon Ply,Shattered Web Case,219,2,0.0,1.0,BS,4,1,2.13
MP7,12,Neon Ply,Shattered Web Case,219,2,0.0,1.0,FN,0,0,6.29
MP7,12,Neon Ply,Shattered Web Case,219,2,0.0,1.0,MW,1,0,3.0
MP7,12,Neon Ply,Shattered Web Case,219,2,0.0,1.0,FT,2,0,1.9
MP7,12,Neon Ply,Shattered Web Case,219,2,0.0,1.0,WW,3,0,1.26
MP7,12,Neon Ply,Shattered Web Case,219,2,0.0,1.0,BS,4,0,0.96
MP7,12,Powercore,Horizon Case,220,2,0.0,0.8,FN,0,1,7.5
MP7,12,Powercore,Horizon Case,220,2,0.0,0.8,MW,1,1,3.73
MP7,12,Powercore,Horizon Case,220,2,0.0,0.8,FT,2,1,1.51
MP7,12,Powercore,Horizon Case,220,2,0.0,0.8,WW,3,1,2.08
MP7,12,Powercore,Horizon Case,220,2,0.0,0.8,BS,4,1,1.26
MP7,12,Powercore,Horizon Case,220,2,0.0,0.8,FN,0,0,3.03
MP7,12,Powercore,Horizon Case,220,2,0.0,0.8,MW,1,0,1.44
MP7,12,Powercore,Horizon Case,220,2,0.0,0.8,FT,2,0,0.8
MP7,12,Powercore,Horizon Case,220,2,0.0,0.8,WW,3,0,0.72
MP7,12,Powercore,Horizon Case,220,2,0.0,0.8,BS,4,0,0.53
MP7,12,Impire,Operation Wildfire Case,221,2,0.0,0.4,FN,0,1,9.51
MP7,12,Impire,Operation Wildfire Case,221,2,0.0,0.4,MW,1,1,6.72
MP7,12,Impire,Operation Wildfire Case,221,2,0.0,0.4,FT,2,1,5.35
MP7,12,Impire,Operation Wildfire Case,221,2,0.0,0.4,WW,3,1,6.29
MP7,12,Impire,Operation Wildfire Case,221,2,0.0,0.4,FN,0,0,4.4
MP7,12,Impire,Operation Wildfire Case,221,2,0.0,0.4,MW,1,0,3.06
MP7,12,Impire,Operation Wildfire Case,221,2,0.0,0.4,FT,2,0,2.3
MP7,12,Impire,Operation Wildfire Case,221,2,0.0,0.4,WW,3,0,2.5
MP7,12,Special Delivery,Shadow Case,222,2,0.0,0.62,FN,0,1,12.03
MP7,12,Special Delivery,Shadow Case,222,2,0.0,0.62,MW,1,1,6.76
MP7,12,Special Delivery,Shadow Case,222,2,0.0,0.62,FT,2,1,3.05
MP7,12,Special Delivery,Shadow Case,222,2,0.0,0.62,WW,3,1,2.72
MP7,12,Special Delivery,Shadow Case,222,2,0.0,0.62,BS,4,1,4.4
MP7,12,Special Delivery,Shadow Case,222,2,0.0,0.62,FN,0,0,4.38
MP7,12,Special Delivery,Shadow Case,222,2,0.0,0.62,MW,1,0,2.49
MP7,12,Special Delivery,Shadow Case,222,2,0.0,0.62,FT,2,0,1.26
MP7,12,Special Delivery,Shadow Case,222,2,0.0,0.62,WW,3,0,1.11
MP7,12,Special Delivery,Shadow Case,222,2,0.0,0.62,BS,4,0,1.06
MP7,12,Ocean Foam,eSports 2014 Summer Case,101,2,0.0,0.08,FN,0,1,10.89
MP7,12,Ocean Foam,eSports 2014 Summer Case,101,2,0.0,0.08,MW,1,1,11.21
MP7,12,Ocean Foam,eSports 2014 Summer Case,101,2,0.0,0.08,FN,0,0,4.98
MP7,12,Ocean Foam,eSports 2014 Summer Case,101,2,0.0,0.08,MW,1,0,4.54
MP7,12,Guerrilla,Operation Riptide Case,223,1,0.0,1.0,FN,0,1,4.48
MP7,12,Guerrilla,Operation Riptide Case,223,1,0.0,1.0,MW,1,1,2.49
MP7,12,Guerrilla,Operation Riptide Case,223,1,0.0,1.0,FT,2,1,0.87
MP7,12,Guerrilla,Operation Riptide Case,223,1,0.0,1.0,WW,3,1,0.37
MP7,12,Guerrilla,Operation Riptide Case,223,1,0.0,1.0,BS,4,1,0.36
MP7,12,Guerrilla,Operation Riptide Case,223,1,0.0,1.0,FN,0,0,1.51
MP7,12,Guerrilla,Operation Riptide Case,223,1,0.0,1.0,MW,1,0,0.86
MP7,12,Guerrilla,Operation Riptide Case,223,1,0.0,1.0,FT,2,0,0.37
MP7,12,Guerrilla,Operation Riptide Case,223,1,0.0,1.0,WW,3,0,0.32
MP7,12,Guerrilla,Operation Riptide Case,223,1,0.0,1.0,BS,4,0,0.29
MP7,12,Mischief,Prisma Case,224,1,0.1,1.0,MW,1,1,1.24
MP7,12,Mischief,Prisma Case,224,1,0.1,1.0,FT,2,1,0.28
MP7,12,Mischief,Prisma Case,224,1,0.1,1.0,WW,3,1,0.24
MP7,12,Mischief,Prisma Case,224,1,0.1,1.0,BS,4,1,0.21
MP7,12,Mischief,Prisma Case,224,1,0.1,1.0,MW,1,0,0.41
MP7,12,Mischief,Prisma Case,224,1,0.1,1.0,FT,2,0,0.14
MP7,12,Mischief,Prisma Case,224,1,0.1,1.0,WW,3,0,0.1
MP7,12,Mischief,Prisma Case,224,1,0.1,1.0,BS,4,0,0.09
MP7,12,Akoben,Spectrum Case,225,1,0.0,0.7,FN,0,1,0.99
MP7,12,Akoben,Spectrum Case,225,1,0.0,0.7,MW,1,1,0.62
MP7,12,Akoben,Spectrum Case,225,1,0.0,0.7,FT,2,1,0.34
MP7,12,Akoben,Spectrum Case,225,1,0.0,0.7,WW,3,1,0.35
MP7,12,Akoben,Spectrum Case,225,1,0.0,0.7,BS,4,1,0.24
MP7,12,Akoben,Spectrum Case,225,1,0.0,0.7,FN,0,0,0.35
MP7,12,Akoben,Spectrum Case,225,1,0.0,0.7,MW,1,0,0.23
MP7,12,Akoben,Spectrum Case,225,1,0.0,0.7,FT,2,0,0.18
MP7,12,Akoben,Spectrum Case,225,1,0.0,0.7,WW,3,0,0.15
MP7,12,Akoben,Spectrum Case,225,1,0.0,0.7,BS,4,0,0.15
MP7,12,Cirrus,Glove Case,226,1,0.0,0.75,FN,0,1,2.8
MP7,12,Cirrus,Glove Case,226,1,0.0,0.75,MW,1,1,0.87
MP7,12,Cirrus,Glove Case,226,1,0.0,0.75,FT,2,1,0.31
MP7,12,Cirrus,Glove Case,226,1,0.0,0.75,WW,3,1,0.88
MP7,12,Cirrus,Glove Case,226,1,0.0,0.75,BS,4,1,0.27
MP7,12,Cirrus,Glove Case,226,1,0.0,0.75,FN,0,0,0.59
MP7,12,Cirrus,Glove Case,226,1,0.0,0.75,MW,1,0,0.19
MP7,12,Cirrus,Glove Case,226,1,0.0,0.75,FT,2,0,0.1
MP7,12,Cirrus,Glove Case,226,1,0.0,0.75,WW,3,0,0.16
MP7,12,Cirrus,Glove Case,226,1,0.0,0.75,BS,4,0,0.09
MP7,12,Armor Core,Chroma 2 Case,227,1,0.0,0.5,FN,0,1,0.99
MP7,12,Armor Core,Chroma 2 Case,227,1,0.0,0.5,MW,1,1,0.47
MP7,12,Armor Core,Chroma 2 Case,227,1,0.0,0.5,FT,2,1,0.23
MP7,12,Armor Core,Chroma 2 Case,227,1,0.0,0.5,WW,3,1,0.23
MP7,12,Armor Core,Chroma 2 Case,227,1,0.0,0.5,BS,4,1,0.26
MP7,12,Armor Core,Chroma 2 Case,227,1,0.0,0.5,FN,0,0,0.24
MP7,12,Armor Core,Chroma 2 Case,227,1,0.0,0.5,MW,1,0,0.14
MP7,12,Armor Core,Chroma 2 Case,227,1,0.0,0.5,FT,2,0,0.09
MP7,12,Armor Core,Chroma 2 Case,227,1,0.0,0.5,WW,3,0,0.1
MP7,12,Armor Core,Chroma 2 Case,227,1,0.0,0.5,BS,4,0,0.11
MP7,12,Urban Hazard,Operation Breakout Weapon Case,71,1,0.0,0.5,FN,0,1,0.85
MP7,12,Urban Hazard,Operation Breakout Weapon Case,71,1,0.0,0.5,MW,1,1,0.49
MP7,12,Urban Hazard,Operation Breakout Weapon Case,71,1,0.0,0.5,FT,2,1,0.26
MP7,12,Urban Hazard,Operation Breakout Weapon Case,71,1,0.0,0.5,WW,3,1,0.23
MP7,12,Urban Hazard,Operation Breakout Weapon Case,71,1,0.0,0.5,BS,4,1,0.24
MP7,12,Urban Hazard,Operation Breakout Weapon Case,71,1,0.0,0.5,FN,0,0,0.23
MP7,12,Urban Hazard,Operation Breakout Weapon Case,71,1,0.0,0.5,MW,1,0,0.13
MP7,12,Urban Hazard,Operation Breakout Weapon Case,71,1,0.0,0.5,FT,2,0,0.08
MP7,12,Urban Hazard,Operation Breakout Weapon Case,71,1,0.0,0.5,WW,3,0,0.09
MP7,12,Urban Hazard,Operation Breakout Weapon Case,71,1,0.0,0.5,BS,4,0,0.1
MP7,12,Skulls,CS:GO Weapon Case,228,1,0.1,0.26,MW,1,1,20.31
MP7,12,Skulls,CS:GO Weapon Case,228,1,0.1,0.26,FT,2,1,19.69
MP7,12,Skulls,CS:GO Weapon Case,228,1,0.1,0.26,MW,1,0,20.82
MP7,12,Skulls,CS:GO Weapon Case,228,1,0.1,0.26,FT,2,0,19.98
MP9,13,Starlight Protector,Dreams & Nightmares Case,229,4,0.0,0.8,FN,0,1,95.29
MP9,13,Starlight Protector,Dreams & Nightmares Case,229,4,0.0,0.8,MW,1,1,23.31
MP9,13,Starlight Protector,Dreams & Nightmares Case,229,4,0.0,0.8,FT,2,1,9.23
MP9,13,Starlight Protector,Dreams & Nightmares Case,229,4,0.0,0.8,WW,3,1,20.7
MP9,13,Starlight Protector,Dreams & Nightmares Case,229,4,0.0,0.8,BS,4,1,9.23
MP9,13,Starlight Protector,Dreams & Nightmares Case,229,4,0.0,0.8,FN,0,0,22.37
MP9,13,Starlight Protector,Dreams & Nightmares Case,229,4,0.0,0.8,MW,1,0,8.94
MP9,13,Starlight Protector,Dreams & Nightmares Case,229,4,0.0,0.8,FT,2,0,3.83
MP9,13,Starlight Protector,Dreams & Nightmares Case,229,4,0.0,0.8,WW,3,0,4.25
MP9,13,Starlight Protector,Dreams & Nightmares Case,229,4,0.0,0.8,BS,4,0,2.36
MP9,13,Food Chain,Snakebite Case,230,3,0.0,1.0,FN,0,1,28.03
MP9,13,Food Chain,Snakebite Case,230,3,0.0,1.0,MW,1,1,9.48
MP9,13,Food Chain,Snakebite Case,230,3,0.0,1.0,FT,2,1,4.02
MP9,13,Food Chain,Snakebite Case,230,3,0.0,1.0,WW,3,1,3.25
MP9,13,Food Chain,Snakebite Case,230,3,0.0,1.0,BS,4,1,2.55
MP9,13,Food Chain,Snakebite Case,230,3,0.0,1.0,FN,0,0,9.2
MP9,13,Food Chain,Snakebite Case,230,3,0.0,1.0,MW,1,0,3.6
MP9,13,Food Chain,Snakebite Case,230,3,0.0,1.0,FT,2,0,1.63
MP9,13,Food Chain,Snakebite Case,230,3,0.0,1.0,WW,3,0,1.33
MP9,13,Food Chain,Snakebite Case,230,3,0.0,1.0,BS,4,0,1.29
MP9,13,Hydra,CS20 Case,231,3,0.0,1.0,FN,0,1,50.77
MP9,13,Hydra,CS20 Case,231,3,0.0,1.0,MW,1,1,18.54
MP9,13,Hydra,CS20 Case,231,3,0.0,1.0,FT,2,1,10.43
MP9,13,Hydra,CS20 Case,231,3,0.0,1.0,WW,3,1,8.91
MP9,13,Hydra,CS20 Case,231,3,0.0,1.0,BS,4,1,8.2
MP9,13,Hydra,CS20 Case,231,3,0.0,1.0,FN,0,0,17.2
MP9,13,Hydra,CS20 Case,231,3,0.0,1.0,MW,1,0,8.48
MP9,13,Hydra,CS20 Case,231,3,0.0,1.0,FT,2,0,5.26
MP9,13,Hydra,CS20 Case,231,3,0.0,1.0,WW,3,0,4.4
MP9,13,Hydra,CS20 Case,231,3,0.0,1.0,BS,4,0,3.54
MP9,13,Airlock,Gamma 2 Case,232,3,0.0,1.0,FN,0,1,28.47
MP9,13,Airlock,Gamma 2 Case,232,3,0.0,1.0,MW,1,1,9.69
MP9,13,Airlock,Gamma 2 Case,232,3,0.0,1.0,FT,2,1,4.14
MP9,13,Airlock,Gamma 2 Case,232,3,0.0,1.0,WW,3,1,3.05
MP9,13,Airlock,Gamma 2 Case,232,3,0.0,1.0,BS,4,1,3.0
MP9,13,Airlock,Gamma 2 Case,232,3,0.0,1.0,FN,0,0,11.74
MP9,13,Airlock,Gamma 2 Case,232,3,0.0,1.0,MW,1,0,4.17
MP9,13,Airlock,Gamma 2 Case,232,3,0.0,1.0,FT,2,0,1.79
MP9,13,Airlock,Gamma 2 Case,232,3,0.0,1.0,WW,3,0,1.46
MP9,13,Airlock,Gamma 2 Case,232,3,0.0,1.0,BS,4,0,1.39
MP9,13,Mount Fuji,Operation Riptide Case,233,2,0.0,0.55,FN,0,1,21.21
MP9,13,Mount Fuji,Operation Riptide Case,233,2,0.0,0.55,MW,1,1,10.9
MP9,13,Mount Fuji,Operation Riptide Case,233,2,0.0,0.55,FT,2,1,4.39
MP9,13,Mount Fuji,Operation Riptide Case,233,2,0.0,0.55,WW,3,1,3.6
MP9,13,Mount Fuji,Operation Riptide Case,233,2,0.0,0.55,BS,4,1,2.87
MP9,13,Mount Fuji,Operation Riptide Case,233,2,0.0,0.55,FN,0,0,8.37
MP9,13,Mount Fuji,Operation Riptide Case,233,2,0.0,0.55,MW,1,0,5.66
MP9,13,Mount Fuji,Operation Riptide Case,233,2,0.0,0.55,FT,2,0,2.73
MP9,13,Mount Fuji,Operation Riptide Case,233,2,0.0,0.55,WW,3,0,2.19
MP9,13,Mount Fuji,Operation Riptide Case,233,2,0.0,0.55,BS,4,0,2.04
MP9,13,Goo,Spectrum 2 Case,234,2,0.0,0.6,FN,0,1,4.3
MP9,13,Goo,Spectrum 2 Case,234,2,0.0,0.6,MW,1,1,2.18
MP9,13,Goo,Spectrum 2 Case,234,2,0.0,0.6,FT,2,1,1.03
MP9,13,Goo,Spectrum 2 Case,234,2,0.0,0.6,WW,3,1,1.67
MP9,13,Goo,Spectrum 2 Case,234,2,0.0,0.6,BS,4,1,1.16
MP9,13,Goo,Spectrum 2 Case,234,2,0.0,0.6,FN,0,0,1.35
MP9,13,Goo,Spectrum 2 Case,234,2,0.0,0.6,MW,1,0,0.7
MP9,13,Goo,Spectrum 2 Case,234,2,0.0,0.6,FT,2,0,0.4
MP9,13,Goo,Spectrum 2 Case,234,2,0.0,0.6,WW,3,0,0.38
MP9,13,Goo,Spectrum 2 Case,234,2,0.0,0.6,BS,4,0,0.35
MP9,13,Ruby Poison Dart,Falchion Case,235,2,0.0,0.5,FN,0,1,6.0
MP9,13,Ruby Poison Dart,Falchion Case,235,2,0.0,0.5,MW,1,1,3.45
MP9,13,Ruby Poison Dart,Falchion Case,235,2,0.0,0.5,FT,2,1,2.18
MP9,13,Ruby Poison Dart,Falchion Case,235,2,0.0,0.5,WW,3,1,1.88
MP9,13,Ruby Poison Dart,Falchion Case,235,2,0.0,0.5,BS,4,1,2.0
MP9,13,Ruby Poison Dart,Falchion Case,235,2,0.0,0.5,FN,0,0,2.11
MP9,13,Ruby Poison Dart,Falchion Case,235,2,0.0,0.5,MW,1,0,1.12
MP9,13,Ruby Poison Dart,Falchion Case,235,2,0.0,0.5,FT,2,0,0.8
MP9,13,Ruby Poison Dart,Falchion Case,235,2,0.0,0.5,WW,3,0,0.81
MP9,13,Ruby Poison Dart,Falchion Case,235,2,0.0,0.5,BS,4,0,0.78
MP9,13,Rose Iron,Winter Offensive Weapon Case,236,2,0.0,0.3,FN,0,1,18.33
MP9,13,Rose Iron,Winter Offensive Weapon Case,236,2,0.0,0.3,MW,1,1,13.98
MP9,13,Rose Iron,Winter Offensive Weapon Case,236,2,0.0,0.3,FT,2,1,13.85
MP9,13,Rose Iron,Winter Offensive Weapon Case,236,2,0.0,0.3,FN,0,0,7.55
MP9,13,Rose Iron,Winter Offensive Weapon Case,236,2,0.0,0.3,MW,1,0,7.53
MP9,13,Rose Iron,Winter Offensive Weapon Case,236,2,0.0,0.3,FT,2,0,6.5
MP9,13,Hypnotic,CS:GO Weapon Case 2,27,2,0.0,0.08,FN,0,1,43.5
MP9,13,Hypnotic,CS:GO Weapon Case 2,27,2,0.0,0.08,MW,1,1,44.0
MP9,13,Hypnotic,CS:GO Weapon Case 2,27,2,0.0,0.08,FN,0,0,13.01
MP9,13,Hypnotic,CS:GO Weapon Case 2,27,2,0.0,0.08,MW,1,0,19.28
MP9,13,Featherweight,Revolution Case,237,1,0.0,1.0,FN,0,1,2.1
MP9,13,Featherweight,Revolution Case,237,1,0.0,1.0,MW,1,1,0.43
MP9,13,Featherweight,Revolution Case,237,1,0.0,1.0,FT,2,1,0.18
MP9,13,Featherweight,Revolution Case,237,1,0.0,1.0,WW,3,1,0.13
MP9,13,Featherweight,Revolution Case,237,1,0.0,1.0,BS,4,1,0.16
MP9,13,Featherweight,Revolution Case,237,1,0.0,1.0,FN,0,0,0.34
MP9,13,Featherweight,Revolution Case,237,1,0.0,1.0,MW,1,0,0.12
MP9,13,Featherweight,Revolution Case,237,1,0.0,1.0,FT,2,0,0.08
MP9,13,Featherweight,Revolution Case,237,1,0.0,1.0,WW,3,0,0.07
MP9,13,Featherweight,Revolution Case,237,1,0.0,1.0,BS,4,0,0.07
MP9,13,Modest Threat,Danger Zone Case,238,1,0.0,0.75,FN,0,1,1.01
MP9,13,Modest Threat,Danger Zone Case,238,1,0.0,0.75,MW,1,1,0.38
MP9,13,Modest Threat,Danger Zone Case,238,1,0.0,0.75,FT,2,1,0.15
MP9,13,Modest Threat,Danger Zone Case,238,1,0.0,0.75,WW,3,1,0.23
MP9,13,Modest Threat,Danger Zone Case,238,1,0.0,0.75,BS,4,1,0.13
MP9,13,Modest Threat,Danger Zone Case,238,1,0.0,0.75,FN,0,0,0.28
MP9,13,Modest Threat,Danger Zone Case,238,1,0.0,0.75,MW,1,0,0.13
MP9,13,Modest Threat,Danger Zone Case,238,1,0.0,0.75,FT,2,0,0.08
MP9,13,Modest Threat,Danger Zone Case,238,1,0.0,0.75,WW,3,0,0.08
MP9,13,Modest Threat,Danger Zone Case,238,1,0.0,0.75,BS,4,0,0.07
MP9,13,Capillary,Horizon Case,68,1,0.0,0.7,FN,0,1,1.62
MP9,13,Capillary,Horizon Case,68,1,0.0,0.7,MW,1,1,0.7
MP9,13,Capillary,Horizon Case,68,1,0.0,0.7,FT,2,1,0.26
MP9,13,Capillary,Horizon Case,68,1,0.0,0.7,WW,3,1,0.58
MP9,13,Capillary,Horizon Case,68,1,0.0,0.7,BS,4,1,0.21
MP9,13,Capillary,Horizon Case,68,1,0.0,0.7,FN,0,0,0.39
MP9,13,Capillary,Horizon Case,68,1,0.0,0.7,MW,1,0,0.23
MP9,13,Capillary,Horizon Case,68,1,0.0,0.7,FT,2,0,0.15
MP9,13,Capillary,Horizon Case,68,1,0.0,0.7,WW,3,0,0.18
MP9,13,Capillary,Horizon Case,68,1,0.0,0.7,BS,4,0,0.12
MP9,13,Black Sand,Clutch Case,239,1,0.0,1.0,FN,0,1,1.0
MP9,13,Black Sand,Clutch Case,239,1,0.0,1.0,MW,1,1,0.25
MP9,13,Black Sand,Clutch Case,239,1,0.0,1.0,FT,2,1,0.12
MP9,13,Black Sand,Clutch Case,239,1,0.0,1.0,WW,3,1,0.11
MP9,13,Black Sand,Clutch Case,239,1,0.0,1.0,BS,4,1,0.12
MP9,13,Black Sand,Clutch Case,239,1,0.0,1.0,FN,0,0,0.26
MP9,13,Black Sand,Clutch Case,239,1,0.0,1.0,MW,1,0,0.11
MP9,13,Black Sand,Clutch Case,239,1,0.0,1.0,FT,2,0,0.07
MP9,13,Black Sand,Clutch Case,239,1,0.0,1.0,WW,3,0,0.07
MP9,13,Black Sand,Clutch Case,239,1,0.0,1.0,BS,4,0,0.07
MP9,13,Sand Scale,Glove Case,240,1,0.0,0.45,FN,0,1,1.24
MP9,13,Sand Scale,Glove Case,240,1,0.0,0.45,MW,1,1,0.57
MP9,13,Sand Scale,Glove Case,240,1,0.0,0.45,FT,2,1,0.32
MP9,13,Sand Scale,Glove Case,240,1,0.0,0.45,WW,3,1,0.35
MP9,13,Sand Scale,Glove Case,240,1,0.0,0.45,FN,0,0,0.27
MP9,13,Sand Scale,Glove Case,240,1,0.0,0.45,MW,1,0,0.13
MP9,13,Sand Scale,Glove Case,240,1,0.0,0.45,FT,2,0,0.1
MP9,13,Sand Scale,Glove Case,240,1,0.0,0.45,WW,3,0,0.09
MP9,13,Bioleak,Chroma 3 Case,241,1,0.0,0.5,FN,0,1,1.24
MP9,13,Bioleak,Chroma 3 Case,241,1,0.0,0.5,MW,1,1,0.72
MP9,13,Bioleak,Chroma 3 Case,241,1,0.0,0.5,FT,2,1,0.26
MP9,13,Bioleak,Chroma 3 Case,241,1,0.0,0.5,WW,3,1,0.38
MP9,13,Bioleak,Chroma 3 Case,241,1,0.0,0.5,BS,4,1,0.29
MP9,13,Bioleak,Chroma 3 Case,241,1,0.0,0.5,FN,0,0,0.29
MP9,13,Bioleak,Chroma 3 Case,241,1,0.0,0.5,MW,1,0,0.15
MP9,13,Bioleak,Chroma 3 Case,241,1,0.0,0.5,FT,2,0,0.09
MP9,13,Bioleak,Chroma 3 Case,241,1,0.0,0.5,WW,3,0,0.11
MP9,13,Bioleak,Chroma 3 Case,241,1,0.0,0.5,BS,4,0,0.08
MP9,13,Deadly Poison,Chroma Case,242,1,0.0,1.0,FN,0,1,6.13
MP9,13,Deadly Poison,Chroma Case,242,1,0.0,1.0,MW,1,1,1.16
MP9,13,Deadly Poison,Chroma Case,242,1,0.0,1.0,FT,2,1,0.55
MP9,13,Deadly Poison,Chroma Case,242,1,0.0,1.0,WW,3,1,0.34
MP9,13,Deadly Poison,Chroma Case,242,1,0.0,1.0,BS,4,1,0.36
MP9,13,Deadly Poison,Chroma Case,242,1,0.0,1.0,FN,0,0,1.85
MP9,13,Deadly Poison,Chroma Case,242,1,0.0,1.0,MW,1,0,0.34
MP9,13,Deadly Poison,Chroma Case,242,1,0.0,1.0,FT,2,0,0.2
MP9,13,Deadly Poison,Chroma Case,242,1,0.0,1.0,WW,3,0,0.15
MP9,13,Deadly Poison,Chroma Case,242,1,0.0,1.0,BS,4,0,0.14
MP9,13,Dart,Operation Vanguard Weapon Case,243,1,0.0,0.46,FN,0,1,2.9
MP9,13,Dart,Operation Vanguard Weapon Case,243,1,0.0,0.46,MW,1,1,2.11
MP9,13,Dart,Operation Vanguard Weapon Case,243,1,0.0,0.46,FT,2,1,1.38
MP9,13,Dart,Operation Vanguard Weapon Case,243,1,0.0,0.46,WW,3,1,1.28
MP9,13,Dart,Operation Vanguard Weapon Case,243,1,0.0,0.46,BS,4,1,5.38
MP9,13,Dart,Operation Vanguard Weapon Case,243,1,0.0,0.46,FN,0,0,0.73
MP9,13,Dart,Operation Vanguard Weapon Case,243,1,0.0,0.46,MW,1,0,0.54
MP9,13,Dart,Operation Vanguard Weapon Case,243,1,0.0,0.46,FT,2,0,0.46
MP9,13,Dart,Operation Vanguard Weapon Case,243,1,0.0,0.46,WW,3,0,0.59
MP9,13,Dart,Operation Vanguard Weapon Case,243,1,0.0,0.46,BS,4,0,0.93
PP-Bizon,14,Judgement of Anubis,Chroma 3 Case,244,4,0.0,0.5,FN,0,1,47.8
PP-Bizon,14,Judgement of Anubis,Chroma 3 Case,244,4,0.0,0.5,MW,1,1,26.06
PP-Bizon,14,Judgement of Anubis,Chroma 3 Case,244,4,0.0,0.5,FT,2,1,13.71
PP-Bizon,14,Judgement of Anubis,Chroma 3 Case,244,4,0.0,0.5,WW,3,1,13.8
PP-Bizon,14,Judgement of Anubis,Chroma 3 Case,244,4,0.0,0.5,BS,4,1,15.07
PP-Bizon,14,Judgement of Anubis,Chroma 3 Case,244,4,0.0,0.5,FN,0,0,11.01
PP-Bizon,14,Judgement of Anubis,Chroma 3 Case,244,4,0.0,0.5,MW,1,0,7.26
PP-Bizon,14,Judgement of Anubis,Chroma 3 Case,244,4,0.0,0.5,FT,2,0,5.37
PP-Bizon,14,Judgement of Anubis,Chroma 3 Case,244,4,0.0,0.5,WW,3,0,4.75
PP-Bizon,14,Judgement of Anubis,Chroma 3 Case,244,4,0.0,0.5,BS,4,0,4.89
PP-Bizon,14,High Roller,Spectrum 2 Case,245,3,0.0,1.0,FN,0,1,41.47
PP-Bizon,14,High Roller,Spectrum 2 Case,245,3,0.0,1.0,MW,1,1,12.55
PP-Bizon,14,High Roller,Spectrum 2 Case,245,3,0.0,1.0,FT,2,1,5.76
PP-Bizon,14,High Roller,Spectrum 2 Case,245,3,0.0,1.0,WW,3,1,4.33
PP-Bizon,14,High Roller,Spectrum 2 Case,245,3,0.0,1.0,BS,4,1,3.97
PP-Bizon,14,High Roller,Spectrum 2 Case,245,3,0.0,1.0,FN,0,0,11.51
PP-Bizon,14,High Roller,Spectrum 2 Case,245,3,0.0,1.0,MW,1,0,4.79
PP-Bizon,14,High Roller,Spectrum 2 Case,245,3,0.0,1.0,FT,2,0,2.53
PP-Bizon,14,High Roller,Spectrum 2 Case,245,3,0.0,1.0,WW,3,0,1.84
PP-Bizon,14,High Roller,Spectrum 2 Case,245,3,0.0,1.0,BS,4,0,1.69
PP-Bizon,14,Space Cat,Dreams & Nightmares Case,246,2,0.0,0.67,FN,0,1,3.22
PP-Bizon,14,Space Cat,Dreams & Nightmares Case,246,2,0.0,0.67,MW,1,1,1.52
PP-Bizon,14,Space Cat,Dreams & Nightmares Case,246,2,0.0,0.67,FT,2,1,0.46
PP-Bizon,14,Space Cat,Dreams & Nightmares Case,246,2,0.0,0.67,WW,3,1,0.76
PP-Bizon,14,Space Cat,Dreams & Nightmares Case,246,2,0.0,0.67,BS,4,1,0.38
PP-Bizon,14,Space Cat,Dreams & Nightmares Case,246,2,0.0,0.67,FN,0,0,1.22
PP-Bizon,14,Space Cat,Dreams & Nightmares Case,246,2,0.0,0.67,MW,1,0,0.6
PP-Bizon,14,Space Cat,Dreams & Nightmares Case,246,2,0.0,0.67,FT,2,0,0.21
PP-Bizon,14,Space Cat,Dreams & Nightmares Case,246,2,0.0,0.67,WW,3,0,0.26
PP-Bizon,14,Space Cat,Dreams & Nightmares Case,246,2,0.0,0.67,BS,4,0,0.24
PP-Bizon,14,Embargo,Shattered Web Case,247,2,0.0,1.0,FN,0,1,18.9
PP-Bizon,14,Embargo,Shattered Web Case,247,2,0.0,1.0,MW,1,1,7.65
PP-Bizon,14,Embargo,Shattered Web Case,247,2,0.0,1.0,FT,2,1,2.72
PP-Bizon,14,Embargo,Shattered Web Case,247,2,0.0,1.0,WW,3,1,2.19
PP-Bizon,14,Embargo,Shattered Web Case,247,2,0.0,1.0,BS,4,1,2.44
PP-Bizon,14,Embargo,Shattered Web Case,247,2,0.0,1.0,FN,0,0,6.98
PP-Bizon,14,Embargo,Shattered Web Case,247,2,0.0,1.0,MW,1,0,3.04
PP-Bizon,14,Embargo,Shattered Web Case,247,2,0.0,1.0,FT,2,0,1.97
PP-Bizon,14,Embargo,Shattered Web Case,247,2,0.0,1.0,WW,3,0,1.32
PP-Bizon,14,Embargo,Shattered Web Case,247,2,0.0,1.0,BS,4,0,1.04
PP-Bizon,14,Fuel Rod,Revolver Case,248,2,0.0,1.0,FN,0,1,9.12
PP-Bizon,14,Fuel Rod,Revolver Case,248,2,0.0,1.0,MW,1,1,4.25
PP-Bizon,14,Fuel Rod,Revolver Case,248,2,0.0,1.0,FT,2,1,1.81
PP-Bizon,14,Fuel Rod,Revolver Case,248,2,0.0,1.0,WW,3,1,1.38
PP-Bizon,14,Fuel Rod,Revolver Case,248,2,0.0,1.0,BS,4,1,1.34
PP-Bizon,14,Fuel Rod,Revolver Case,248,2,0.0,1.0,FN,0,0,2.78
PP-Bizon,14,Fuel Rod,Revolver Case,248,2,0.0,1.0,MW,1,0,1.39
PP-Bizon,14,Fuel Rod,Revolver Case,248,2,0.0,1.0,FT,2,0,0.77
PP-Bizon,14,Fuel Rod,Revolver Case,248,2,0.0,1.0,WW,3,0,0.53
PP-Bizon,14,Fuel Rod,Revolver Case,248,2,0.0,1.0,BS,4,0,0.47
PP-Bizon,14,Blue Streak,eSports 2014 Summer Case,249,2,0.06,0.8,FN,0,1,38.59
PP-Bizon,14,Blue Streak,eSports 2014 Summer Case,249,2,0.06,0.8,MW,1,1,8.3
PP-Bizon,14,Blue Streak,eSports 2014 Summer Case,249,2,0.06,0.8,FT,2,1,3.45
PP-Bizon,14,Blue Streak,eSports 2014 Summer Case,249,2,0.06,0.8,WW,3,1,3.94
PP-Bizon,14,Blue Streak,eSports 2014 Summer Case,249,2,0.06,0.8,BS,4,1,3.36
PP-Bizon,14,Blue Streak,eSports 2014 Summer Case,249,2,0.06,0.8,FN,0,0,8.67
PP-Bizon,14,Blue Streak,eSports 2014 Summer Case,249,2,0.06,0.8,MW,1,0,3.23
PP-Bizon,14,Blue Streak,eSports 2014 Summer Case,249,2,0.06,0.8,FT,2,0,1.69
PP-Bizon,14,Blue Streak,eSports 2014 Summer Case,249,2,0.06,0.8,WW,3,0,1.7
PP-Bizon,14,Blue Streak,eSports 2014 Summer Case,249,2,0.06,0.8,BS,4,0,1.57
PP-Bizon,14,Osiris,Operation Breakout Weapon Case,250,2,0.0,0.5,FN,0,1,4.85
PP-Bizon,14,Osiris,Operation Breakout Weapon Case,250,2,0.0,0.5,MW,1,1,2.89
PP-Bizon,14,Osiris,Operation Breakout Weapon Case,250,2,0.0,0.5,FT,2,1,2.01
PP-Bizon,14,Osiris,Operation Breakout Weapon Case,250,2,0.0,0.5,WW,3,1,1.58
PP-Bizon,14,Osiris,Operation Breakout Weapon Case,250,2,0.0,0.5,BS,4,1,1.9
PP-Bizon,14,Osiris,Operation Breakout Weapon Case,250,2,0.0,0.5,FN,0,0,1.5
PP-Bizon,14,Osiris,Operation Breakout Weapon Case,250,2,0.0,0.5,MW,1,0,0.84
PP-Bizon,14,Osiris,Operation Breakout Weapon Case,250,2,0.0,0.5,FT,2,0,0.57
PP-Bizon,14,Osiris,Operation Breakout Weapon Case,250,2,0.0,0.5,WW,3,0,0.6
PP-Bizon,14,Osiris,Operation Breakout Weapon Case,250,2,0.0,0.5,BS,4,0,0.5
PP-Bizon,14,Antique,Huntsman Weapon Case,251,2,0.0,0.5,FN,0,1,18.3
PP-Bizon,14,Antique,Huntsman Weapon Case,251,2,0.0,0.5,MW,1,1,14.75
PP-Bizon,14,Antique,Huntsman Weapon Case,251,2,0.0,0.5,FT,2,1,12.74
PP-Bizon,14,Antique,Huntsman Weapon Case,251,2,0.0,0.5,WW,3,1,12.1
PP-Bizon,14,Antique,Huntsman Weapon Case,251,2,0.0,0.5,BS,4,1,15.5
PP-Bizon,14,Antique,Huntsman Weapon Case,251,2,0.0,0.5,FN,0,0,10.35
PP-Bizon,14,Antique,Huntsman Weapon Case,251,2,0.0,0.5,MW,1,0,8.42
PP-Bizon,14,Antique,Huntsman Weapon Case,251,2,0.0,0.5,FT,2,0,7.7
PP-Bizon,14,Antique,Huntsman Weapon Case,251,2,0.0,0.5,WW,3,0,7.64
PP-Bizon,14,Antique,Huntsman Weapon Case,251,2,0.0,0.5,BS,4,0,6.84
PP-Bizon,14,Lumen,Operation Riptide Case,252,1,0.0,0.77,FN,0,1,5.47
PP-Bizon,14,Lumen,Operation Riptide Case,252,1,0.0,0.77,MW,1,1,2.5
PP-Bizon,14,Lumen,Operation Riptide Case,252,1,0.0,0.77,FT,2,1,0.75
PP-Bizon,14,Lumen,Operation Riptide Case,252,1,0.0,0.77,WW,3,1,0.69
PP-Bizon,14,Lumen,Operation Riptide Case,252,1,0.0,0.77,BS,4,1,0.41
PP-Bizon,14,Lumen,Operation Riptide Case,252,1,0.0,0.77,FN,0,0,1.42
PP-Bizon,14,Lumen,Operation Riptide Case,252,1,0.0,0.77,MW,1,0,0.81
PP-Bizon,14,Lumen,Operation Riptide Case,252,1,0.0,0.77,FT,2,0,0.4
PP-Bizon,14,Lumen,Operation Riptide Case,252,1,0.0,0.77,WW,3,0,0.3
PP-Bizon,14,Lumen,Operation Riptide Case,252,1,0.0,0.77,BS,4,0,0.29
PP-Bizon,14,Runic,Fracture Case,253,1,0.0,1.0,FN,0,1,1.24
PP-Bizon,14,Runic,Fracture Case,253,1,0.0,1.0,MW,1,1,0.28
PP-Bizon,14,Runic,Fracture Case,253,1,0.0,1.0,FT,2,1,0.11
PP-Bizon,14,Runic,Fracture Case,253,1,0.0,1.0,WW,3,1,0.11
PP-Bizon,14,Runic,Fracture Case,253,1,0.0,1.0,BS,4,1,0.11
PP-Bizon,14,Runic,Fracture Case,253,1,0.0,1.0,FN,0,0,0.25
PP-Bizon,14,Runic,Fracture Case,253,1,0.0,1.0,MW,1,0,0.11
PP-Bizon,14,Runic,Fracture Case,253,1,0.0,1.0,FT,2,0,0.07
PP-Bizon,14,Runic,Fracture Case,253,1,0.0,1.0,WW,3,0,0.07
PP-Bizon,14,Runic,Fracture Case,253,1,0.0,1.0,BS,4,0,0.07
PP-Bizon,14,Night Riot,Clutch Case,254,1,0.0,0.8,FN,0,1,0.82
PP-Bizon,14,Night Riot,Clutch Case,254,1,0.0,0.8,MW,1,1,0.26
PP-Bizon,14,Night Riot,Clutch Case,254,1,0.0,0.8,FT,2,1,0.11
PP-Bizon,14,Night Riot,Clutch Case,254,1,0.0,0.8,WW,3,1,0.12
PP-Bizon,14,Night Riot,Clutch Case,254,1,0.0,0.8,BS,4,1,0.11
PP-Bizon,14,Night Riot,Clutch Case,254,1,0.0,0.8,FN,0,0,0.21
PP-Bizon,14,Night Riot,Clutch Case,254,1,0.0,0.8,MW,1,0,0.11
PP-Bizon,14,Night Riot,Clutch Case,254,1,0.0,0.8,FT,2,0,0.07
PP-Bizon,14,Night Riot,Clutch Case,254,1,0.0,0.8,WW,3,0,0.07
PP-Bizon,14,Night Riot,Clutch Case,254,1,0.0,0.8,BS,4,0,0.07
PP-Bizon,14,Jungle Slipstream,Spectrum Case,255,1,0.0,0.5,FN,0,1,0.95
PP-Bizon,14,Jungle Slipstream,Spectrum Case,255,1,0.0,0.5,MW,1,1,0.62
PP-Bizon,14,Jungle Slipstream,Spectrum Case,255,1,0.0,0.5,FT,2,1,0.36
PP-Bizon,14,Jungle Slipstream,Spectrum Case,255,1,0.0,0.5,WW,3,1,0.36
PP-Bizon,14,Jungle Slipstream,Spectrum Case,255,1,0.0,0.5,BS,4,1,0.27
PP-Bizon,14,Jungle Slipstream,Spectrum Case,255,1,0.0,0.5,FN,0,0,0.29
PP-Bizon,14,Jungle Slipstream,Spectrum Case,255,1,0.0,0.5,MW,1,0,0.23
PP-Bizon,14,Jungle Slipstream,Spectrum Case,255,1,0.0,0.5,FT,2,0,0.19
PP-Bizon,14,Jungle Slipstream,Spectrum Case,255,1,0.0,0.5,WW,3,0,0.15
PP-Bizon,14,Jungle Slipstream,Spectrum Case,255,1,0.0,0.5,BS,4,0,0.35
PP-Bizon,14,Harvester,Gamma Case,256,1,0.0,1.0,FN,0,1,1.27
PP-Bizon,14,Harvester,Gamma Case,256,1,0.0,1.0,MW,1,1,0.48
PP-Bizon,14,Harvester,Gamma Case,256,1,0.0,1.0,FT,2,1,0.2
PP-Bizon,14,Harvester,Gamma Case,256,1,0.0,1.0,WW,3,1,0.18
PP-Bizon,14,Harvester,Gamma Case,256,1,0.0,1.0,BS,4,1,0.16
PP-Bizon,14,Harvester,Gamma Case,256,1,0.0,1.0,FN,0,0,0.49
PP-Bizon,14,Harvester,Gamma Case,256,1,0.0,1.0,MW,1,0,0.15
PP-Bizon,14,Harvester,Gamma Case,256,1,0.0,1.0,FT,2,0,0.11
PP-Bizon,14,Harvester,Gamma Case,256,1,0.0,1.0,WW,3,0,0.14
PP-Bizon,14,Harvester,Gamma Case,256,1,0.0,1.0,BS,4,0,0.1
PP-Bizon,14,Photic Zone,Operation Wildfire Case,257,1,0.0,1.0,FN,0,1,6.09
PP-Bizon,14,Photic Zone,Operation Wildfire Case,257,1,0.0,1.0,MW,1,1,1.46
PP-Bizon,14,Photic Zone,Operation Wildfire Case,257,1,0.0,1.0,FT,2,1,0.72
PP-Bizon,14,Photic Zone,Operation Wildfire Case,257,1,0.0,1.0,WW,3,1,0.46
PP-Bizon,14,Photic Zone,Operation Wildfire Case,257,1,0.0,1.0,BS,4,1,0.46
PP-Bizon,14,Photic Zone,Operation Wildfire Case,257,1,0.0,1.0,FN,0,0,1.85
PP-Bizon,14,Photic Zone,Operation Wildfire Case,257,1,0.0,1.0,MW,1,0,0.65
PP-Bizon,14,Photic Zone,Operation Wildfire Case,257,1,0.0,1.0,FT,2,0,0.62
PP-Bizon,14,Photic Zone,Operation Wildfire Case,257,1,0.0,1.0,WW,3,0,0.41
PP-Bizon,14,Photic Zone,Operation Wildfire Case,257,1,0.0,1.0,BS,4,0,0.38
PP-Bizon,14,Water Sigil,eSports 2013 Winter Case,258,1,0.0,0.5,FN,0,1,6.29
PP-Bizon,14,Water Sigil,eSports 2013 Winter Case,258,1,0.0,0.5,MW,1,1,5.49
PP-Bizon,14,Water Sigil,eSports 2013 Winter Case,258,1,0.0,0.5,FT,2,1,4.78
PP-Bizon,14,Water Sigil,eSports 2013 Winter Case,258,1,0.0,0.5,WW,3,1,6.0
PP-Bizon,14,Water Sigil,eSports 2013 Winter Case,258,1,0.0,0.5,BS,4,1,5.81
PP-Bizon,14,Water Sigil,eSports 2013 Winter Case,258,1,0.0,0.5,FN,0,0,1.95
PP-Bizon,14,Water Sigil,eSports 2013 Winter Case,258,1,0.0,0.5,MW,1,0,1.62
PP-Bizon,14,Water Sigil,eSports 2013 Winter Case,258,1,0.0,0.5,FT,2,0,1.38
PP-Bizon,14,Water Sigil,eSports 2013 Winter Case,258,1,0.0,0.5,WW,3,0,1.74
PP-Bizon,14,Water Sigil,eSports 2013 Winter Case,258,1,0.0,0.5,BS,4,0,1.87
PP-Bizon,14,Cobalt Halftone,Winter Offensive Weapon Case,259,1,0.05,0.45,FN,0,1,5.53
PP-Bizon,14,Cobalt Halftone,Winter Offensive Weapon Case,259,1,0.05,0.45,MW,1,1,1.85
PP-Bizon,14,Cobalt Halftone,Winter Offensive Weapon Case,259,1,0.05,0.45,FT,2,1,1.66
PP-Bizon,14,Cobalt Halftone,Winter Offensive Weapon Case,259,1,0.05,0.45,WW,3,1,1.5
PP-Bizon,14,Cobalt Halftone,Winter Offensive Weapon Case,259,1,0.05,0.45,FN,0,0,2.53
PP-Bizon,14,Cobalt Halftone,Winter Offensive Weapon Case,259,1,0.05,0.45,MW,1,0,1.15
PP-Bizon,14,Cobalt Halftone,Winter Offensive Weapon Case,259,1,0.05,0.45,FT,2,0,0.96
PP-Bizon,14,Cobalt Halftone,Winter Offensive Weapon Case,259,1,0.05,0.45,WW,3,0,0.78
P90,15,Asiimov,Operation Breakout Weapon Case,116,4,0.0,0.92,FN,0,1,240.94
P90,15,Asiimov,Operation Breakout Weapon Case,116,4,0.0,0.92,MW,1,1,70.19
P90,15,Asiimov,Operation Breakout Weapon Case,116,4,0.0,0.92,FT,2,1,29.75
P90,15,Asiimov,Operation Breakout Weapon Case,116,4,0.0,0.92,WW,3,1,25.39
P90,15,Asiimov,Operation Breakout Weapon Case,116,4,0.0,0.92,BS,4,1,25.12
P90,15,Asiimov,Operation Breakout Weapon Case,116,4,0.0,0.92,FN,0,0,45.33
P90,15,Asiimov,Operation Breakout Weapon Case,116,4,0.0,0.92,MW,1,0,18.24
P90,15,Asiimov,Operation Breakout Weapon Case,116,4,0.0,0.92,FT,2,0,8.57
P90,15,Asiimov,Operation Breakout Weapon Case,116,4,0.0,0.92,WW,3,0,7.91
P90,15,Asiimov,Operation Breakout Weapon Case,116,4,0.0,0.92,BS,4,0,5.4
P90,15,Death by Kitty,eSports 2013 Case,260,4,0.08,0.32,MW,1,1,264.0
P90,15,Death by Kitty,eSports 2013 Case,260,4,0.08,0.32,FT,2,1,137.0
P90,15,Death by Kitty,eSports 2013 Case,260,4,0.08,0.32,MW,1,0,62.73
P90,15,Death by Kitty,eSports 2013 Case,260,4,0.08,0.32,FT,2,0,43.29
P90,15,Nostalgia,CS20 Case,261,3,0.0,0.57,FN,0,1,31.06
P90,15,Nostalgia,CS20 Case,261,3,0.0,0.57,MW,1,1,16.4
P90,15,Nostalgia,CS20 Case,261,3,0.0,0.57,FT,2,1,10.87
P90,15,Nostalgia,CS20 Case,261,3,0.0,0.57,WW,3,1,11.38
P90,15,Nostalgia,CS20 Case,261,3,0.0,0.57,BS,4,1,9.73
P90,15,Nostalgia,CS20 Case,261,3,0.0,0.57,FN,0,0,11.8
P90,15,Nostalgia,CS20 Case,261,3,0.0,0.57,MW,1,0,6.9
P90,15,Nostalgia,CS20 Case,261,3,0.0,0.57,FT,2,0,5.22
P90,15,Nostalgia,CS20 Case,261,3,0.0,0.57,WW,3,0,5.56
P90,15,Nostalgia,CS20 Case,261,3,0.0,0.57,BS,4,0,4.91
P90,15,Shallow Grave,Glove Case,262,3,0.0,0.75,FN,0,1,21.25
P90,15,Shallow Grave,Glove Case,262,3,0.0,0.75,MW,1,1,10.25
P90,15,Shallow Grave,Glove Case,262,3,0.0,0.75,FT,2,1,4.26
P90,15,Shallow Grave,Glove Case,262,3,0.0,0.75,WW,3,1,5.75
P90,15,Shallow Grave,Glove Case,262,3,0.0,0.75,BS,4,1,3.95
P90,15,Shallow Grave,Glove Case,262,3,0.0,0.75,FN,0,0,7.93
P90,15,Shallow Grave,Glove Case,262,3,0.0,0.75,MW,1,0,3.36
P90,15,Shallow Grave,Glove Case,262,3,0.0,0.75,FT,2,0,1.69
P90,15,Shallow Grave,Glove Case,262,3,0.0,0.75,WW,3,0,2.57
P90,15,Shallow Grave,Glove Case,262,3,0.0,0.75,BS,4,0,1.79
P90,15,Shapewood,Revolver Case,263,3,0.0,1.0,FN,0,1,44.58
P90,15,Shapewood,Revolver Case,263,3,0.0,1.0,MW,1,1,12.08
P90,15,Shapewood,Revolver Case,263,3,0.0,1.0,FT,2,1,4.75
P90,15,Shapewood,Revolver Case,263,3,0.0,1.0,WW,3,1,3.94
P90,15,Shapewood,Revolver Case,263,3,0.0,1.0,BS,4,1,3.94
P90,15,Shapewood,Revolver Case,263,3,0.0,1.0,FN,0,0,12.01
P90,15,Shapewood,Revolver Case,263,3,0.0,1.0,MW,1,0,4.38
P90,15,Shapewood,Revolver Case,263,3,0.0,1.0,FT,2,0,1.73
P90,15,Shapewood,Revolver Case,263,3,0.0,1.0,WW,3,0,1.47
P90,15,Shapewood,Revolver Case,263,3,0.0,1.0,BS,4,0,1.5
P90,15,Trigon,Operation Phoenix Weapon Case,264,3,0.08,0.75,MW,1,1,20.24
P90,15,Trigon,Operation Phoenix Weapon Case,264,3,0.08,0.75,FT,2,1,15.56
P90,15,Trigon,Operation Phoenix Weapon Case,264,3,0.08,0.75,WW,3,1,15.48
P90,15,Trigon,Operation Phoenix Weapon Case,264,3,0.08,0.75,BS,4,1,23.48
P90,15,Trigon,Operation Phoenix Weapon Case,264,3,0.08,0.75,MW,1,0,10.76
P90,15,Trigon,Operation Phoenix Weapon Case,264,3,0.08,0.75,FT,2,0,8.81
P90,15,Trigon,Operation Phoenix Weapon Case,264,3,0.08,0.75,WW,3,0,9.82
P90,15,Trigon,Operation Phoenix Weapon Case,264,3,0.08,0.75,BS,4,0,11.52
P90,15,Cold Blooded,CS:GO Weapon Case 2,265,3,0.0,0.08,FN,0,1,109.21
P90,15,Cold Blooded,CS:GO Weapon Case 2,265,3,0.0,0.08,MW,1,1,91.96
P90,15,Cold Blooded,CS:GO Weapon Case 2,265,3,0.0,0.08,FN,0,0,70.64
P90,15,Cold Blooded,CS:GO Weapon Case 2,265,3,0.0,0.08,MW,1,0,70.99
P90,15,Emerald Dragon,Operation Bravo Case,266,3,0.06,0.52,FN,0,1,1626.47
P90,15,Emerald Dragon,Operation Bravo Case,266,3,0.06,0.52,MW,1,1,374.99
P90,15,Emerald Dragon,Operation Bravo Case,266,3,0.06,0.52,FT,2,1,251.89
P90,15,Emerald Dragon,Operation Bravo Case,266,3,0.06,0.52,FN,0,0,499.99
P90,15,Emerald Dragon,Operation Bravo Case,266,3,0.06,0.52,MW,1,0,142.49
P90,15,Emerald Dragon,Operation Bravo Case,266,3,0.06,0.52,FT,2,0,107.22
P90,15,Emerald Dragon,Operation Bravo Case,266,3,0.06,0.52,WW,3,0,149.99
P90,15,Emerald Dragon,Operation Bravo Case,266,3,0.06,0.52,BS,4,0,114.8
P90,15,Neoqueen,Revolution Case,267,2,0.0,0.6,FN,0,1,5.37
P90,15,Neoqueen,Revolution Case,267,2,0.0,0.6,MW,1,1,2.53
P90,15,Neoqueen,Revolution Case,267,2,0.0,0.6,FT,2,1,1.24
P90,15,Neoqueen,Revolution Case,267,2,0.0,0.6,WW,3,1,1.96
P90,15,Neoqueen,Revolution Case,267,2,0.0,0.6,BS,4,1,3.74
P90,15,Neoqueen,Revolution Case,267,2,0.0,0.6,FN,0,0,1.85
P90,15,Neoqueen,Revolution Case,267,2,0.0,0.6,MW,1,0,0.92
P90,15,Neoqueen,Revolution Case,267,2,0.0,0.6,FT,2,0,0.42
P90,15,Neoqueen,Revolution Case,267,2,0.0,0.6,WW,3,0,0.55
P90,15,Neoqueen,Revolution Case,267,2,0.0,0.6,BS,4,0,1.07
P90,15,Vent Rush,Recoil Case,268,2,0.0,0.7,FN,0,1,4.79
P90,15,Vent Rush,Recoil Case,268,2,0.0,0.7,MW,1,1,2.7
P90,15,Vent Rush,Recoil Case,268,2,0.0,0.7,FT,2,1,1.1
P90,15,Vent Rush,Recoil Case,268,2,0.0,0.7,WW,3,1,1.08
P90,15,Vent Rush,Recoil Case,268,2,0.0,0.7,BS,4,1,0.92
P90,15,Vent Rush,Recoil Case,268,2,0.0,0.7,FN,0,0,1.84
P90,15,Vent Rush,Recoil Case,268,2,0.0,0.7,MW,1,0,1.04
P90,15,Vent Rush,Recoil Case,268,2,0.0,0.7,FT,2,0,0.53
P90,15,Vent Rush,Recoil Case,268,2,0.0,0.7,WW,3,0,0.55
P90,15,Vent Rush,Recoil Case,268,2,0.0,0.7,BS,4,0,0.46
P90,15,Death Grip,Operation Hydra Case,269,2,0.0,1.0,FN,0,1,39.03
P90,15,Death Grip,Operation Hydra Case,269,2,0.0,1.0,MW,1,1,20.33
P90,15,Death Grip,Operation Hydra Case,269,2,0.0,1.0,FT,2,1,13.7
P90,15,Death Grip,Operation Hydra Case,269,2,0.0,1.0,WW,3,1,10.83
P90,15,Death Grip,Operation Hydra Case,269,2,0.0,1.0,BS,4,1,12.0
P90,15,Death Grip,Operation Hydra Case,269,2,0.0,1.0,FN,0,0,16.07
P90,15,Death Grip,Operation Hydra Case,269,2,0.0,1.0,MW,1,0,9.22
P90,15,Death Grip,Operation Hydra Case,269,2,0.0,1.0,FT,2,0,7.19
P90,15,Death Grip,Operation Hydra Case,269,2,0.0,1.0,WW,3,0,5.84
P90,15,Death Grip,Operation Hydra Case,269,2,0.0,1.0,BS,4,0,6.23
P90,15,Chopper,Gamma Case,270,2,0.0,0.6,FN,0,1,6.6
P90,15,Chopper,Gamma Case,270,2,0.0,0.6,MW,1,1,3.16
P90,15,Chopper,Gamma Case,270,2,0.0,0.6,FT,2,1,1.42
P90,15,Chopper,Gamma Case,270,2,0.0,0.6,WW,3,1,2.26
P90,15,Chopper,Gamma Case,270,2,0.0,0.6,BS,4,1,1.44
P90,15,Chopper,Gamma Case,270,2,0.0,0.6,FN,0,0,2.2
P90,15,Chopper,Gamma Case,270,2,0.0,0.6,MW,1,0,0.93
P90,15,Chopper,Gamma Case,270,2,0.0,0.6,FT,2,0,0.5
P90,15,Chopper,Gamma Case,270,2,0.0,0.6,WW,3,0,0.58
P90,15,Chopper,Gamma Case,270,2,0.0,0.6,BS,4,0,0.4
P90,15,Virus,eSports 2014 Summer Case,271,2,0.06,0.8,FN,0,1,37.57
P90,15,Virus,eSports 2014 Summer Case,271,2,0.06,0.8,MW,1,1,5.46
P90,15,Virus,eSports 2014 Summer Case,271,2,0.06,0.8,FT,2,1,2.96
P90,15,Virus,eSports 2014 Summer Case,271,2,0.06,0.8,WW,3,1,2.7
P90,15,Virus,eSports 2014 Summer Case,271,2,0.06,0.8,BS,4,1,2.73
P90,15,Virus,eSports 2014 Summer Case,271,2,0.06,0.8,FN,0,0,5.93
P90,15,Virus,eSports 2014 Summer Case,271,2,0.06,0.8,MW,1,0,2.53
P90,15,Virus,eSports 2014 Summer Case,271,2,0.06,0.8,FT,2,0,1.62
P90,15,Virus,eSports 2014 Summer Case,271,2,0.06,0.8,WW,3,0,1.64
P90,15,Virus,eSports 2014 Summer Case,271,2,0.06,0.8,BS,4,0,1.42
P90,15,Blind Spot,eSports 2013 Winter Case,272,2,0.0,0.5,FN,0,1,16.79
P90,15,Blind Spot,eSports 2013 Winter Case,272,2,0.0,0.5,MW,1,1,16.15
P90,15,Blind Spot,eSports 2013 Winter Case,272,2,0.0,0.5,FT,2,1,15.99
P90,15,Blind Spot,eSports 2013 Winter Case,272,2,0.0,0.5,WW,3,1,14.23
P90,15,Blind Spot,eSports 2013 Winter Case,272,2,0.0,0.5,BS,4,1,12.01
P90,15,Blind Spot,eSports 2013 Winter Case,272,2,0.0,0.5,FN,0,0,11.5
P90,15,Blind Spot,eSports 2013 Winter Case,272,2,0.0,0.5,MW,1,0,9.54
P90,15,Blind Spot,eSports 2013 Winter Case,272,2,0.0,0.5,FT,2,0,8.99
P90,15,Blind Spot,eSports 2013 Winter Case,272,2,0.0,0.5,WW,3,0,11.06
P90,15,Blind Spot,eSports 2013 Winter Case,272,2,0.0,0.5,BS,4,0,8.8
P90,15,Cocoa Rampage,Operation Broken Fang Case,273,1,0.0,0.6,FN,0,1,2.54
P90,15,Cocoa Rampage,Operation Broken Fang Case,273,1,0.0,0.6,MW,1,1,1.31
P90,15,Cocoa Rampage,Operation Broken Fang Case,273,1,0.0,0.6,FT,2,1,0.46
P90,15,Cocoa Rampage,Operation Broken Fang Case,273,1,0.0,0.6,WW,3,1,0.47
P90,15,Cocoa Rampage,Operation Broken Fang Case,273,1,0.0,0.6,BS,4,1,0.39
P90,15,Cocoa Rampage,Operation Broken Fang Case,273,1,0.0,0.6,FN,0,0,0.8
P90,15,Cocoa Rampage,Operation Broken Fang Case,273,1,0.0,0.6,MW,1,0,0.55
P90,15,Cocoa Rampage,Operation Broken Fang Case,273,1,0.0,0.6,FT,2,0,0.54
P90,15,Cocoa Rampage,Operation Broken Fang Case,273,1,0.0,0.6,WW,3,0,0.46
P90,15,Cocoa Rampage,Operation Broken Fang Case,273,1,0.0,0.6,BS,4,0,0.43
P90,15,Freight,Fracture Case,274,1,0.0,1.0,FN,0,1,0.87
P90,15,Freight,Fracture Case,274,1,0.0,1.0,MW,1,1,0.24
P90,15,Freight,Fracture Case,274,1,0.0,1.0,FT,2,1,0.12
P90,15,Freight,Fracture Case,274,1,0.0,1.0,WW,3,1,0.11
P90,15,Freight,Fracture Case,274,1,0.0,1.0,BS,4,1,0.11
P90,15,Freight,Fracture Case,274,1,0.0,1.0,FN,0,0,0.21
P90,15,Freight,Fracture Case,274,1,0.0,1.0,MW,1,0,0.11
P90,15,Freight,Fracture Case,274,1,0.0,1.0,FT,2,0,0.07
P90,15,Freight,Fracture Case,274,1,0.0,1.0,WW,3,0,0.07
P90,15,Freight,Fracture Case,274,1,0.0,1.0,BS,4,0,0.07
P90,15,Off World,Prisma Case,91,1,0.0,0.75,FN,0,1,2.2
P90,15,Off World,Prisma Case,91,1,0.0,0.75,MW,1,1,0.83
P90,15,Off World,Prisma Case,91,1,0.0,0.75,FT,2,1,0.29
P90,15,Off World,Prisma Case,91,1,0.0,0.75,WW,3,1,0.59
P90,15,Off World,Prisma Case,91,1,0.0,0.75,BS,4,1,0.21
P90,15,Off World,Prisma Case,91,1,0.0,0.75,FN,0,0,0.55
P90,15,Off World,Prisma Case,91,1,0.0,0.75,MW,1,0,0.27
P90,15,Off World,Prisma Case,91,1,0.0,0.75,FT,2,0,0.12
P90,15,Off World,Prisma Case,91,1,0.0,0.75,WW,3,0,0.13
P90,15,Off World,Prisma Case,91,1,0.0,0.75,BS,4,0,0.09
P90,15,Traction,Horizon Case,275,1,0.0,1.0,FN,0,1,3.5
P90,15,Traction,Horizon Case,275,1,0.0,1.0,MW,1,1,0.69
P90,15,Traction,Horizon Case,275,1,0.0,1.0,FT,2,1,0.28
P90,15,Traction,Horizon Case,275,1,0.0,1.0,WW,3,1,0.2
P90,15,Traction,Horizon Case,275,1,0.0,1.0,BS,4,1,0.18
P90,15,Traction,Horizon Case,275,1,0.0,1.0,FN,0,0,0.87
P90,15,Traction,Horizon Case,275,1,0.0,1.0,MW,1,0,0.23
P90,15,Traction,Horizon Case,275,1,0.0,1.0,FT,2,0,0.15
P90,15,Traction,Horizon Case,275,1,0.0,1.0,WW,3,0,0.11
P90,15,Traction,Horizon Case,275,1,0.0,1.0,BS,4,0,0.11
P90,15,Grim,Gamma 2 Case,276,1,0.0,0.8,FN,0,1,3.27
P90,15,Grim,Gamma 2 Case,276,1,0.0,0.8,MW,1,1,0.73
P90,15,Grim,Gamma 2 Case,276,1,0.0,0.8,FT,2,1,0.25
P90,15,Grim,Gamma 2 Case,276,1,0.0,0.8,WW,3,1,1.21
P90,15,Grim,Gamma 2 Case,276,1,0.0,0.8,BS,4,1,0.24
P90,15,Grim,Gamma 2 Case,276,1,0.0,0.8,FN,0,0,0.71
P90,15,Grim,Gamma 2 Case,276,1,0.0,0.8,MW,1,0,0.2
P90,15,Grim,Gamma 2 Case,276,1,0.0,0.8,FT,2,0,0.1
P90,15,Grim,Gamma 2 Case,276,1,0.0,0.8,WW,3,0,0.18
P90,15,Grim,Gamma 2 Case,276,1,0.0,0.8,BS,4,0,0.08
P90,15,Elite Build,Falchion Case,277,1,0.0,1.0,FN,0,1,8.68
P90,15,Elite Build,Falchion Case,277,1,0.0,1.0,MW,1,1,0.95
P90,15,Elite Build,Falchion Case,277,1,0.0,1.0,FT,2,1,0.35
P90,15,Elite Build,Falchion Case,277,1,0.0,1.0,WW,3,1,0.25
P90,15,Elite Build,Falchion Case,277,1,0.0,1.0,BS,4,1,0.23
P90,15,Elite Build,Falchion Case,277,1,0.0,1.0,FN,0,0,1.21
P90,15,Elite Build,Falchion Case,277,1,0.0,1.0,MW,1,0,0.24
P90,15,Elite Build,Falchion Case,277,1,0.0,1.0,FT,2,0,0.23
P90,15,Elite Build,Falchion Case,277,1,0.0,1.0,WW,3,0,0.18
P90,15,Elite Build,Falchion Case,277,1,0.0,1.0,BS,4,0,0.18
P90,15,Module,Huntsman Weapon Case,278,1,0.0,0.35,FN,0,1,3.42
P90,15,Module,Huntsman Weapon Case,278,1,0.0,0.35,MW,1,1,2.26
P90,15,Module,Huntsman Weapon Case,278,1,0.0,0.35,FT,2,1,1.95
P90,15,Module,Huntsman Weapon Case,278,1,0.0,0.35,FN,0,0,2.64
P90,15,Module,Huntsman Weapon Case,278,1,0.0,0.35,MW,1,0,2.54
P90,15,Module,Huntsman Weapon Case,278,1,0.0,0.35,FT,2,0,2.73
P90,15,Desert Warfare,The Huntsman Collection,279,1,0.0,0.5,FN,0,1,13.53
P90,15,Desert Warfare,The Huntsman Collection,279,1,0.0,0.5,MW,1,1,3.98
P90,15,Desert Warfare,The Huntsman Collection,279,1,0.0,0.5,FT,2,1,1.92
P90,15,Desert Warfare,The Huntsman Collection,279,1,0.0,0.5,WW,3,1,5.9
P90,15,Desert Warfare,The Huntsman Collection,279,1,0.0,0.5,BS,4,1,5.63
P90,15,Desert Warfare,The Huntsman Collection,279,1,0.0,0.5,FN,0,0,3.28
P90,15,Desert Warfare,The Huntsman Collection,279,1,0.0,0.5,MW,1,0,2.96
P90,15,Desert Warfare,The Huntsman Collection,279,1,0.0,0.5,FT,2,0,2.69
P90,15,Desert Warfare,The Huntsman Collection,279,1,0.0,0.5,WW,3,0,4.45
P90,15,Desert Warfare,The Huntsman Collection,279,1,0.0,0.5,BS,4,0,4.94
UMP-45,16,Wild Child,Revolution Case,280,3,0.0,1.0,FN,0,1,38.01
UMP-45,16,Wild Child,Revolution Case,280,3,0.0,1.0,MW,1,1,13.57
UMP-45,16,Wild Child,Revolution Case,280,3,0.0,1.0,FT,2,1,5.4
UMP-45,16,Wild Child,Revolution Case,280,3,0.0,1.0,WW,3,1,4.25
UMP-45,16,Wild Child,Revolution Case,280,3,0.0,1.0,BS,4,1,3.64
UMP-45,16,Wild Child,Revolution Case,280,3,0.0,1.0,FN,0,0,14.63
UMP-45,16,Wild Child,Revolution Case,280,3,0.0,1.0,MW,1,0,6.52
UMP-45,16,Wild Child,Revolution Case,280,3,0.0,1.0,FT,2,0,2.73
UMP-45,16,Wild Child,Revolution Case,280,3,0.0,1.0,WW,3,0,1.96
UMP-45,16,Wild Child,Revolution Case,280,3,0.0,1.0,BS,4,0,1.66
UMP-45,16,Momentum,Danger Zone Case,281,3,0.0,0.5,FN,0,1,20.06
UMP-45,16,Momentum,Danger Zone Case,281,3,0.0,0.5,MW,1,1,12.53
UMP-45,16,Momentum,Danger Zone Case,281,3,0.0,0.5,FT,2,1,7.31
UMP-45,16,Momentum,Danger Zone Case,281,3,0.0,0.5,WW,3,1,6.62
UMP-45,16,Momentum,Danger Zone Case,281,3,0.0,0.5,BS,4,1,7.93
UMP-45,16,Momentum,Danger Zone Case,281,3,0.0,0.5,FN,0,0,8.62
UMP-45,16,Momentum,Danger Zone Case,281,3,0.0,0.5,MW,1,0,5.38
UMP-45,16,Momentum,Danger Zone Case,281,3,0.0,0.5,FT,2,0,3.34
UMP-45,16,Momentum,Danger Zone Case,281,3,0.0,0.5,WW,3,0,3.38
UMP-45,16,Momentum,Danger Zone Case,281,3,0.0,0.5,BS,4,0,3.53
UMP-45,16,Primal Saber,Chroma 3 Case,282,3,0.0,0.77,FN,0,1,25.94
UMP-45,16,Primal Saber,Chroma 3 Case,282,3,0.0,0.77,MW,1,1,9.73
UMP-45,16,Primal Saber,Chroma 3 Case,282,3,0.0,0.77,FT,2,1,4.79
UMP-45,16,Primal Saber,Chroma 3 Case,282,3,0.0,0.77,WW,3,1,7.13
UMP-45,16,Primal Saber,Chroma 3 Case,282,3,0.0,0.77,BS,4,1,3.37
UMP-45,16,Primal Saber,Chroma 3 Case,282,3,0.0,0.77,FN,0,0,9.7
UMP-45,16,Primal Saber,Chroma 3 Case,282,3,0.0,0.77,MW,1,0,4.15
UMP-45,16,Primal Saber,Chroma 3 Case,282,3,0.0,0.77,FT,2,0,2.18
UMP-45,16,Primal Saber,Chroma 3 Case,282,3,0.0,0.77,WW,3,0,2.23
UMP-45,16,Primal Saber,Chroma 3 Case,282,3,0.0,0.77,BS,4,0,1.51
UMP-45,16,Gold Bismuth,Operation Broken Fang Case,283,2,0.0,0.7,FN,0,1,12.1
UMP-45,16,Gold Bismuth,Operation Broken Fang Case,283,2,0.0,0.7,MW,1,1,6.91
UMP-45,16,Gold Bismuth,Operation Broken Fang Case,283,2,0.0,0.7,FT,2,1,3.56
UMP-45,16,Gold Bismuth,Operation Broken Fang Case,283,2,0.0,0.7,WW,3,1,3.36
UMP-45,16,Gold Bismuth,Operation Broken Fang Case,283,2,0.0,0.7,BS,4,1,2.59
UMP-45,16,Gold Bismuth,Operation Broken Fang Case,283,2,0.0,0.7,FN,0,0,5.48
UMP-45,16,Gold Bismuth,Operation Broken Fang Case,283,2,0.0,0.7,MW,1,0,3.81
UMP-45,16,Gold Bismuth,Operation Broken Fang Case,283,2,0.0,0.7,FT,2,0,2.79
UMP-45,16,Gold Bismuth,Operation Broken Fang Case,283,2,0.0,0.7,WW,3,0,2.87
UMP-45,16,Gold Bismuth,Operation Broken Fang Case,283,2,0.0,0.7,BS,4,0,1.79
UMP-45,16,Plastique,CS20 Case,284,2,0.0,0.8,FN,0,1,5.01
UMP-45,16,Plastique,CS20 Case,284,2,0.0,0.8,MW,1,1,2.42
UMP-45,16,Plastique,CS20 Case,284,2,0.0,0.8,FT,2,1,1.2
UMP-45,16,Plastique,CS20 Case,284,2,0.0,0.8,WW,3,1,1.16
UMP-45,16,Plastique,CS20 Case,284,2,0.0,0.8,BS,4,1,0.94
UMP-45,16,Plastique,CS20 Case,284,2,0.0,0.8,FN,0,0,1.86
UMP-45,16,Plastique,CS20 Case,284,2,0.0,0.8,MW,1,0,1.03
UMP-45,16,Plastique,CS20 Case,284,2,0.0,0.8,FT,2,0,0.66
UMP-45,16,Plastique,CS20 Case,284,2,0.0,0.8,WW,3,0,0.78
UMP-45,16,Plastique,CS20 Case,284,2,0.0,0.8,BS,4,0,0.52
UMP-45,16,Moonrise,Prisma Case,81,2,0.0,0.4,FN,0,1,3.22
UMP-45,16,Moonrise,Prisma Case,81,2,0.0,0.4,MW,1,1,1.07
UMP-45,16,Moonrise,Prisma Case,81,2,0.0,0.4,FT,2,1,0.49
UMP-45,16,Moonrise,Prisma Case,81,2,0.0,0.4,WW,3,1,1.08
UMP-45,16,Moonrise,Prisma Case,81,2,0.0,0.4,FN,0,0,1.24
UMP-45,16,Moonrise,Prisma Case,81,2,0.0,0.4,MW,1,0,0.5
UMP-45,16,Moonrise,Prisma Case,81,2,0.0,0.4,FT,2,0,0.28
UMP-45,16,Moonrise,Prisma Case,81,2,0.0,0.4,WW,3,0,0.65
UMP-45,16,Arctic Wolf,Clutch Case,285,2,0.0,0.8,FN,0,1,3.7
UMP-45,16,Arctic Wolf,Clutch Case,285,2,0.0,0.8,MW,1,1,1.38
UMP-45,16,Arctic Wolf,Clutch Case,285,2,0.0,0.8,FT,2,1,0.5
UMP-45,16,Arctic Wolf,Clutch Case,285,2,0.0,0.8,WW,3,1,0.61
UMP-45,16,Arctic Wolf,Clutch Case,285,2,0.0,0.8,BS,4,1,0.48
UMP-45,16,Arctic Wolf,Clutch Case,285,2,0.0,0.8,FN,0,0,1.47
UMP-45,16,Arctic Wolf,Clutch Case,285,2,0.0,0.8,MW,1,0,0.58
UMP-45,16,Arctic Wolf,Clutch Case,285,2,0.0,0.8,FT,2,0,0.29
UMP-45,16,Arctic Wolf,Clutch Case,285,2,0.0,0.8,WW,3,0,0.29
UMP-45,16,Arctic Wolf,Clutch Case,285,2,0.0,0.8,BS,4,0,0.24
UMP-45,16,Exposure,Spectrum 2 Case,286,2,0.0,0.55,FN,0,1,3.68
UMP-45,16,Exposure,Spectrum 2 Case,286,2,0.0,0.55,MW,1,1,1.62
UMP-45,16,Exposure,Spectrum 2 Case,286,2,0.0,0.55,FT,2,1,0.92
UMP-45,16,Exposure,Spectrum 2 Case,286,2,0.0,0.55,WW,3,1,1.06
UMP-45,16,Exposure,Spectrum 2 Case,286,2,0.0,0.55,BS,4,1,0.75
UMP-45,16,Exposure,Spectrum 2 Case,286,2,0.0,0.55,FN,0,0,1.34
UMP-45,16,Exposure,Spectrum 2 Case,286,2,0.0,0.55,MW,1,0,0.63
UMP-45,16,Exposure,Spectrum 2 Case,286,2,0.0,0.55,FT,2,0,0.37
UMP-45,16,Exposure,Spectrum 2 Case,286,2,0.0,0.55,WW,3,0,0.34
UMP-45,16,Exposure,Spectrum 2 Case,286,2,0.0,0.55,BS,4,0,0.35
UMP-45,16,Scaffold,Spectrum Case,287,2,0.0,1.0,FN,0,1,8.55
UMP-45,16,Scaffold,Spectrum Case,287,2,0.0,1.0,MW,1,1,3.74
UMP-45,16,Scaffold,Spectrum Case,287,2,0.0,1.0,FT,2,1,2.45
UMP-45,16,Scaffold,Spectrum Case,287,2,0.0,1.0,WW,3,1,2.54
UMP-45,16,Scaffold,Spectrum Case,287,2,0.0,1.0,BS,4,1,2.6
UMP-45,16,Scaffold,Spectrum Case,287,2,0.0,1.0,FN,0,0,2.99
UMP-45,16,Scaffold,Spectrum Case,287,2,0.0,1.0,MW,1,0,1.88
UMP-45,16,Scaffold,Spectrum Case,287,2,0.0,1.0,FT,2,0,1.49
UMP-45,16,Scaffold,Spectrum Case,287,2,0.0,1.0,WW,3,0,1.23
UMP-45,16,Scaffold,Spectrum Case,287,2,0.0,1.0,BS,4,0,1.23
UMP-45,16,Grand Prix,Chroma 2 Case,288,2,0.25,0.35,FT,2,1,0.72
UMP-45,16,Grand Prix,Chroma 2 Case,288,2,0.25,0.35,FT,2,0,0.35
UMP-45,16,Roadblock,Recoil Case,289,1,0.0,1.0,FN,0,1,1.0
UMP-45,16,Roadblock,Recoil Case,289,1,0.0,1.0,MW,1,1,0.29
UMP-45,16,Roadblock,Recoil Case,289,1,0.0,1.0,FT,2,1,0.14
UMP-45,16,Roadblock,Recoil Case,289,1,0.0,1.0,WW,3,1,0.11
UMP-45,16,Roadblock,Recoil Case,289,1,0.0,1.0,BS,4,1,0.11
UMP-45,16,Roadblock,Recoil Case,289,1,0.0,1.0,FN,0,0,0.26
UMP-45,16,Roadblock,Recoil Case,289,1,0.0,1.0,MW,1,0,0.13
UMP-45,16,Roadblock,Recoil Case,289,1,0.0,1.0,FT,2,0,0.07
UMP-45,16,Roadblock,Recoil Case,289,1,0.0,1.0,WW,3,0,0.07
UMP-45,16,Roadblock,Recoil Case,289,1,0.0,1.0,BS,4,0,0.07
UMP-45,16,Oscillator,Snakebite Case,290,1,0.0,0.5,FN,0,1,1.42
UMP-45,16,Oscillator,Snakebite Case,290,1,0.0,0.5,MW,1,1,0.59
UMP-45,16,Oscillator,Snakebite Case,290,1,0.0,0.5,FT,2,1,0.26
UMP-45,16,Oscillator,Snakebite Case,290,1,0.0,0.5,WW,3,1,0.24
UMP-45,16,Oscillator,Snakebite Case,290,1,0.0,0.5,BS,4,1,0.24
UMP-45,16,Oscillator,Snakebite Case,290,1,0.0,0.5,FN,0,0,0.41
UMP-45,16,Oscillator,Snakebite Case,290,1,0.0,0.5,MW,1,0,0.15
UMP-45,16,Oscillator,Snakebite Case,290,1,0.0,0.5,FT,2,0,0.09
UMP-45,16,Oscillator,Snakebite Case,290,1,0.0,0.5,WW,3,0,0.09
UMP-45,16,Oscillator,Snakebite Case,290,1,0.0,0.5,BS,4,0,0.09
UMP-45,16,Metal Flowers,Operation Hydra Case,291,1,0.0,0.7,FN,0,1,7.27
UMP-45,16,Metal Flowers,Operation Hydra Case,291,1,0.0,0.7,MW,1,1,5.37
UMP-45,16,Metal Flowers,Operation Hydra Case,291,1,0.0,0.7,FT,2,1,3.93
UMP-45,16,Metal Flowers,Operation Hydra Case,291,1,0.0,0.7,WW,3,1,4.62
UMP-45,16,Metal Flowers,Operation Hydra Case,291,1,0.0,0.7,BS,4,1,3.3
UMP-45,16,Metal Flowers,Operation Hydra Case,291,1,0.0,0.7,FN,0,0,3.93
UMP-45,16,Metal Flowers,Operation Hydra Case,291,1,0.0,0.7,MW,1,0,2.81
UMP-45,16,Metal Flowers,Operation Hydra Case,291,1,0.0,0.7,FT,2,0,3.22
UMP-45,16,Metal Flowers,Operation Hydra Case,291,1,0.0,0.7,WW,3,0,2.71
UMP-45,16,Metal Flowers,Operation Hydra Case,291,1,0.0,0.7,BS,4,0,2.7
UMP-45,16,Briefing,Gamma 2 Case,292,1,0.0,1.0,FN,0,1,1.28
UMP-45,16,Briefing,Gamma 2 Case,292,1,0.0,1.0,MW,1,1,0.26
UMP-45,16,Briefing,Gamma 2 Case,292,1,0.0,1.0,FT,2,1,0.13
UMP-45,16,Briefing,Gamma 2 Case,292,1,0.0,1.0,WW,3,1,0.11
UMP-45,16,Briefing,Gamma 2 Case,292,1,0.0,1.0,BS,4,1,0.11
UMP-45,16,Briefing,Gamma 2 Case,292,1,0.0,1.0,FN,0,0,0.31
UMP-45,16,Briefing,Gamma 2 Case,292,1,0.0,1.0,MW,1,0,0.11
UMP-45,16,Briefing,Gamma 2 Case,292,1,0.0,1.0,FT,2,0,0.09
UMP-45,16,Briefing,Gamma 2 Case,292,1,0.0,1.0,WW,3,0,0.07
UMP-45,16,Briefing,Gamma 2 Case,292,1,0.0,1.0,BS,4,0,0.07
UMP-45,16,Riot,Falchion Case,293,1,0.0,0.7,FN,0,1,1.38
UMP-45,16,Riot,Falchion Case,293,1,0.0,0.7,MW,1,1,0.89
UMP-45,16,Riot,Falchion Case,293,1,0.0,0.7,FT,2,1,0.3
UMP-45,16,Riot,Falchion Case,293,1,0.0,0.7,WW,3,1,0.29
UMP-45,16,Riot,Falchion Case,293,1,0.0,0.7,BS,4,1,0.21
UMP-45,16,Riot,Falchion Case,293,1,0.0,0.7,FN,0,0,0.38
UMP-45,16,Riot,Falchion Case,293,1,0.0,0.7,MW,1,0,0.24
UMP-45,16,Riot,Falchion Case,293,1,0.0,0.7,FT,2,0,0.25
UMP-45,16,Riot,Falchion Case,293,1,0.0,0.7,WW,3,0,0.23
UMP-45,16,Riot,Falchion Case,293,1,0.0,0.7,BS,4,0,0.19
UMP-45,16,Delusion,Operation Vanguard Weapon Case,294,1,0.06,0.35,FN,0,1,4.52
UMP-45,16,Delusion,Operation Vanguard Weapon Case,294,1,0.06,0.35,MW,1,1,2.16
UMP-45,16,Delusion,Operation Vanguard Weapon Case,294,1,0.06,0.35,FT,2,1,1.57
UMP-45,16,Delusion,Operation Vanguard Weapon Case,294,1,0.06,0.35,FN,0,0,1.77
UMP-45,16,Delusion,Operation Vanguard Weapon Case,294,1,0.06,0.35,MW,1,0,0.58
UMP-45,16,Delusion,Operation Vanguard Weapon Case,294,1,0.06,0.35,FT,2,0,0.4
UMP-45,16,Labyrinth,Operation Breakout Weapon Case,295,1,0.0,0.4,FN,0,1,0.82
UMP-45,16,Labyrinth,Operation Breakout Weapon Case,295,1,0.0,0.4,MW,1,1,0.47
UMP-45,16,Labyrinth,Operation Breakout Weapon Case,295,1,0.0,0.4,FT,2,1,0.26
UMP-45,16,Labyrinth,Operation Breakout Weapon Case,295,1,0.0,0.4,WW,3,1,0.26
UMP-45,16,Labyrinth,Operation Breakout Weapon Case,295,1,0.0,0.4,FN,0,0,0.21
UMP-45,16,Labyrinth,Operation Breakout Weapon Case,295,1,0.0,0.4,MW,1,0,0.12
UMP-45,16,Labyrinth,Operation Breakout Weapon Case,295,1,0.0,0.4,FT,2,0,0.08
UMP-45,16,Labyrinth,Operation Breakout Weapon Case,295,1,0.0,0.4,WW,3,0,0.17
UMP-45,16,Corporal,Operation Phoenix Weapon Case,296,1,0.05,0.75,FN,0,1,2.0
UMP-45,16,Corporal,Operation Phoenix Weapon Case,296,1,0.05,0.75,MW,1,1,0.63
UMP-45,16,Corporal,Operation Phoenix Weapon Case,296,1,0.05,0.75,FT,2,1,0.42
UMP-45,16,Corporal,Operation Phoenix Weapon Case,296,1,0.05,0.75,WW,3,1,0.35
UMP-45,16,Corporal,Operation Phoenix Weapon Case,296,1,0.05,0.75,BS,4,1,0.34
UMP-45,16,Corporal,Operation Phoenix Weapon Case,296,1,0.05,0.75,FN,0,0,1.19
UMP-45,16,Corporal,Operation Phoenix Weapon Case,296,1,0.05,0.75,MW,1,0,0.29
UMP-45,16,Corporal,Operation Phoenix Weapon Case,296,1,0.05,0.75,FT,2,0,0.24
UMP-45,16,Corporal,Operation Phoenix Weapon Case,296,1,0.05,0.75,WW,3,0,0.32
UMP-45,16,Corporal,Operation Phoenix Weapon Case,296,1,0.05,0.75,BS,4,0,0.21
UMP-45,16,Bone Pile,Operation Bravo Case,297,1,0.06,0.34,FN,0,1,48.02
UMP-45,16,Bone Pile,Operation Bravo Case,297,1,0.06,0.34,MW,1,1,7.89
UMP-45,16,Bone Pile,Operation Bravo Case,297,1,0.06,0.34,FT,2,1,7.66
UMP-45,16,Bone Pile,Operation Bravo Case,297,1,0.06,0.34,FN,0,0,17.43
UMP-45,16,Bone Pile,Operation Bravo Case,297,1,0.06,0.34,MW,1,0,8.0
UMP-45,16,Bone Pile,Operation Bravo Case,297,1,0.06,0.34,FT,2,0,8.81
MAG-7,17,Justice,Prisma 2 Case,298,3,0.0,1.0,FN,0,1,35.3
MAG-7,17,Justice,Prisma 2 Case,298,3,0.0,1.0,MW,1,1,10.59
MAG-7,17,Justice,Prisma 2 Case,298,3,0.0,1.0,FT,2,1,4.43
MAG-7,17,Justice,Prisma 2 Case,298,3,0.0,1.0,WW,3,1,4.0
MAG-7,17,Justice,Prisma 2 Case,298,3,0.0,1.0,BS,4,1,3.51
MAG-7,17,Justice,Prisma 2 Case,298,3,0.0,1.0,FN,0,0,11.54
MAG-7,17,Justice,Prisma 2 Case,298,3,0.0,1.0,MW,1,0,4.78
MAG-7,17,Justice,Prisma 2 Case,298,3,0.0,1.0,FT,2,0,2.39
MAG-7,17,Justice,Prisma 2 Case,298,3,0.0,1.0,WW,3,0,1.61
MAG-7,17,Justice,Prisma 2 Case,298,3,0.0,1.0,BS,4,0,1.49
MAG-7,17,BI83 Spectrum,Operation Riptide Case,299,2,0.0,0.6,FN,0,1,8.07
MAG-7,17,BI83 Spectrum,Operation Riptide Case,299,2,0.0,0.6,MW,1,1,4.16
MAG-7,17,BI83 Spectrum,Operation Riptide Case,299,2,0.0,0.6,FT,2,1,1.69
MAG-7,17,BI83 Spectrum,Operation Riptide Case,299,2,0.0,0.6,WW,3,1,2.25
MAG-7,17,BI83 Spectrum,Operation Riptide Case,299,2,0.0,0.6,BS,4,1,1.27
MAG-7,17,BI83 Spectrum,Operation Riptide Case,299,2,0.0,0.6,FN,0,0,2.39
MAG-7,17,BI83 Spectrum,Operation Riptide Case,299,2,0.0,0.6,MW,1,0,1.38
MAG-7,17,BI83 Spectrum,Operation Riptide Case,299,2,0.0,0.6,FT,2,0,0.74
MAG-7,17,BI83 Spectrum,Operation Riptide Case,299,2,0.0,0.6,WW,3,0,1.29
MAG-7,17,BI83 Spectrum,Operation Riptide Case,299,2,0.0,0.6,BS,4,0,1.18
MAG-7,17,Monster Call,Fracture Case,300,2,0.0,1.0,FN,0,1,6.29
MAG-7,17,Monster Call,Fracture Case,300,2,0.0,1.0,MW,1,1,1.55
MAG-7,17,Monster Call,Fracture Case,300,2,0.0,1.0,FT,2,1,0.7
MAG-7,17,Monster Call,Fracture Case,300,2,0.0,1.0,WW,3,1,0.51
MAG-7,17,Monster Call,Fracture Case,300,2,0.0,1.0,BS,4,1,0.54
MAG-7,17,Monster Call,Fracture Case,300,2,0.0,1.0,FN,0,0,1.62
MAG-7,17,Monster Call,Fracture Case,300,2,0.0,1.0,MW,1,0,0.7
MAG-7,17,Monster Call,Fracture Case,300,2,0.0,1.0,FT,2,0,0.4
MAG-7,17,Monster Call,Fracture Case,300,2,0.0,1.0,WW,3,0,0.3
MAG-7,17,Monster Call,Fracture Case,300,2,0.0,1.0,BS,4,0,0.26
MAG-7,17,SWAG-7,Clutch Case,301,2,0.0,0.92,FN,0,1,5.6
MAG-7,17,SWAG-7,Clutch Case,301,2,0.0,0.92,MW,1,1,1.44
MAG-7,17,SWAG-7,Clutch Case,301,2,0.0,0.92,FT,2,1,0.59
MAG-7,17,SWAG-7,Clutch Case,301,2,0.0,0.92,WW,3,1,0.47
MAG-7,17,SWAG-7,Clutch Case,301,2,0.0,0.92,BS,4,1,0.48
MAG-7,17,SWAG-7,Clutch Case,301,2,0.0,0.92,FN,0,0,1.57
MAG-7,17,SWAG-7,Clutch Case,301,2,0.0,0.92,MW,1,0,0.6
MAG-7,17,SWAG-7,Clutch Case,301,2,0.0,0.92,FT,2,0,0.31
MAG-7,17,SWAG-7,Clutch Case,301,2,0.0,0.92,WW,3,0,0.27
MAG-7,17,SWAG-7,Clutch Case,301,2,0.0,0.92,BS,4,0,0.25
MAG-7,17,Petroglyph,Gamma 2 Case,302,2,0.0,0.44,FN,0,1,3.5
MAG-7,17,Petroglyph,Gamma 2 Case,302,2,0.0,0.44,MW,1,1,1.35
MAG-7,17,Petroglyph,Gamma 2 Case,302,2,0.0,0.44,FT,2,1,0.7
MAG-7,17,Petroglyph,Gamma 2 Case,302,2,0.0,0.44,WW,3,1,0.72
MAG-7,17,Petroglyph,Gamma 2 Case,302,2,0.0,0.44,FN,0,0,1.32
MAG-7,17,Petroglyph,Gamma 2 Case,302,2,0.0,0.44,MW,1,0,0.57
MAG-7,17,Petroglyph,Gamma 2 Case,302,2,0.0,0.44,FT,2,0,0.31
MAG-7,17,Petroglyph,Gamma 2 Case,302,2,0.0,0.44,WW,3,0,0.8
MAG-7,17,Praetorian,Operation Wildfire Case,303,2,0.0,0.45,FN,0,1,9.22
MAG-7,17,Praetorian,Operation Wildfire Case,303,2,0.0,0.45,MW,1,1,6.3
MAG-7,17,Praetorian,Operation Wildfire Case,303,2,0.0,0.45,FT,2,1,4.56
MAG-7,17,Praetorian,Operation Wildfire Case,303,2,0.0,0.45,WW,3,1,4.83
MAG-7,17,Praetorian,Operation Wildfire Case,303,2,0.0,0.45,FN,0,0,4.48
MAG-7,17,Praetorian,Operation Wildfire Case,303,2,0.0,0.45,MW,1,0,3.12
MAG-7,17,Praetorian,Operation Wildfire Case,303,2,0.0,0.45,FT,2,0,2.48
MAG-7,17,Praetorian,Operation Wildfire Case,303,2,0.0,0.45,WW,3,0,2.08
MAG-7,17,Heat,Chroma 2 Case,196,2,0.0,1.0,FN,0,1,7.78
MAG-7,17,Heat,Chroma 2 Case,196,2,0.0,1.0,MW,1,1,2.03
MAG-7,17,Heat,Chroma 2 Case,196,2,0.0,1.0,FT,2,1,0.8
MAG-7,17,Heat,Chroma 2 Case,196,2,0.0,1.0,WW,3,1,0.58
MAG-7,17,Heat,Chroma 2 Case,196,2,0.0,1.0,BS,4,1,0.57
MAG-7,17,Heat,Chroma 2 Case,196,2,0.0,1.0,FN,0,0,2.73
MAG-7,17,Heat,Chroma 2 Case,196,2,0.0,1.0,MW,1,0,0.82
MAG-7,17,Heat,Chroma 2 Case,196,2,0.0,1.0,FT,2,0,0.34
MAG-7,17,Heat,Chroma 2 Case,196,2,0.0,1.0,WW,3,0,0.28
MAG-7,17,Heat,Chroma 2 Case,196,2,0.0,1.0,BS,4,0,0.28
MAG-7,17,Insomnia,Revolution Case,304,1,0.0,1.0,FN,0,1,1.3
MAG-7,17,Insomnia,Revolution Case,304,1,0.0,1.0,MW,1,1,0.38
MAG-7,17,Insomnia,Revolution Case,304,1,0.0,1.0,FT,2,1,0.17
MAG-7,17,Insomnia,Revolution Case,304,1,0.0,1.0,WW,3,1,0.14
MAG-7,17,Insomnia,Revolution Case,304,1,0.0,1.0,BS,4,1,0.15
MAG-7,17,Insomnia,Revolution Case,304,1,0.0,1.0,FN,0,0,0.3
MAG-7,17,Insomnia,Revolution Case,304,1,0.0,1.0,MW,1,0,0.12
MAG-7,17,Insomnia,Revolution Case,304,1,0.0,1.0,FT,2,0,0.08
MAG-7,17,Insomnia,Revolution Case,304,1,0.0,1.0,WW,3,0,0.07
MAG-7,17,Insomnia,Revolution Case,304,1,0.0,1.0,BS,4,0,0.07
MAG-7,17,Foresight,Dreams & Nightmares Case,305,1,0.0,0.7,FN,0,1,0.8
MAG-7,17,Foresight,Dreams & Nightmares Case,305,1,0.0,0.7,MW,1,1,0.34
MAG-7,17,Foresight,Dreams & Nightmares Case,305,1,0.0,0.7,FT,2,1,0.13
MAG-7,17,Foresight,Dreams & Nightmares Case,305,1,0.0,0.7,WW,3,1,0.14
MAG-7,17,Foresight,Dreams & Nightmares Case,305,1,0.0,0.7,BS,4,1,0.17
MAG-7,17,Foresight,Dreams & Nightmares Case,305,1,0.0,0.7,FN,0,0,0.19
MAG-7,17,Foresight,Dreams & Nightmares Case,305,1,0.0,0.7,MW,1,0,0.11
MAG-7,17,Foresight,Dreams & Nightmares Case,305,1,0.0,0.7,FT,2,0,0.07
MAG-7,17,Foresight,Dreams & Nightmares Case,305,1,0.0,0.7,WW,3,0,0.07
MAG-7,17,Foresight,Dreams & Nightmares Case,305,1,0.0,0.7,BS,4,0,0.07
MAG-7,17,Popdog,CS20 Case,306,1,0.0,0.8,FN,0,1,1.1
MAG-7,17,Popdog,CS20 Case,306,1,0.0,0.8,MW,1,1,0.3
MAG-7,17,Popdog,CS20 Case,306,1,0.0,0.8,FT,2,1,0.13
MAG-7,17,Popdog,CS20 Case,306,1,0.0,0.8,WW,3,1,0.47
MAG-7,17,Popdog,CS20 Case,306,1,0.0,0.8,BS,4,1,0.13
MAG-7,17,Popdog,CS20 Case,306,1,0.0,0.8,FN,0,0,0.25
MAG-7,17,Popdog,CS20 Case,306,1,0.0,0.8,MW,1,0,0.15
MAG-7,17,Popdog,CS20 Case,306,1,0.0,0.8,FT,2,0,0.15
MAG-7,17,Popdog,CS20 Case,306,1,0.0,0.8,WW,3,0,0.12
MAG-7,17,Popdog,CS20 Case,306,1,0.0,0.8,BS,4,0,0.11
MAG-7,17,Hard Water,Operation Hydra Case,307,1,0.0,0.45,FN,0,1,6.79
MAG-7,17,Hard Water,Operation Hydra Case,307,1,0.0,0.45,MW,1,1,4.49
MAG-7,17,Hard Water,Operation Hydra Case,307,1,0.0,0.45,FT,2,1,4.65
MAG-7,17,Hard Water,Operation Hydra Case,307,1,0.0,0.45,WW,3,1,4.41
MAG-7,17,Hard Water,Operation Hydra Case,307,1,0.0,0.45,FN,0,0,3.24
MAG-7,17,Hard Water,Operation Hydra Case,307,1,0.0,0.45,MW,1,0,3.11
MAG-7,17,Hard Water,Operation Hydra Case,307,1,0.0,0.45,FT,2,0,3.68
MAG-7,17,Hard Water,Operation Hydra Case,307,1,0.0,0.45,WW,3,0,2.8
MAG-7,17,Sonar,Glove Case,308,1,0.0,0.45,FN,0,1,1.15
MAG-7,17,Sonar,Glove Case,308,1,0.0,0.45,MW,1,1,0.6
MAG-7,17,Sonar,Glove Case,308,1,0.0,0.45,FT,2,1,0.25
MAG-7,17,Sonar,Glove Case,308,1,0.0,0.45,WW,3,1,0.24
MAG-7,17,Sonar,Glove Case,308,1,0.0,0.45,FN,0,0,0.27
MAG-7,17,Sonar,Glove Case,308,1,0.0,0.45,MW,1,0,0.14
MAG-7,17,Sonar,Glove Case,308,1,0.0,0.45,FT,2,0,0.09
MAG-7,17,Sonar,Glove Case,308,1,0.0,0.45,WW,3,0,0.1
MAG-7,17,Cobalt Core,Shadow Case,309,1,0.0,0.5,FN,0,1,1.72
MAG-7,17,Cobalt Core,Shadow Case,309,1,0.0,0.5,MW,1,1,0.8
MAG-7,17,Cobalt Core,Shadow Case,309,1,0.0,0.5,FT,2,1,0.38
MAG-7,17,Cobalt Core,Shadow Case,309,1,0.0,0.5,WW,3,1,0.35
MAG-7,17,Cobalt Core,Shadow Case,309,1,0.0,0.5,BS,4,1,0.35
MAG-7,17,Cobalt Core,Shadow Case,309,1,0.0,0.5,FN,0,0,0.53
MAG-7,17,Cobalt Core,Shadow Case,309,1,0.0,0.5,MW,1,0,0.31
MAG-7,17,Cobalt Core,Shadow Case,309,1,0.0,0.5,FT,2,0,0.16
MAG-7,17,Cobalt Core,Shadow Case,309,1,0.0,0.5,WW,3,0,0.23
MAG-7,17,Cobalt Core,Shadow Case,309,1,0.0,0.5,BS,4,0,0.2
MAG-7,17,Firestarter,Operation Vanguard Weapon Case,310,1,0.06,0.49,FN,0,1,17.49
MAG-7,17,Firestarter,Operation Vanguard Weapon Case,310,1,0.06,0.49,MW,1,1,2.47
MAG-7,17,Firestarter,Operation Vanguard Weapon Case,310,1,0.06,0.49,FT,2,1,1.38
MAG-7,17,Firestarter,Operation Vanguard Weapon Case,310,1,0.06,0.49,WW,3,1,1.53
MAG-7,17,Firestarter,Operation Vanguard Weapon Case,310,1,0.06,0.49,BS,4,1,2.03
MAG-7,17,Firestarter,Operation Vanguard Weapon Case,310,1,0.06,0.49,FN,0,0,4.33
MAG-7,17,Firestarter,Operation Vanguard Weapon Case,310,1,0.06,0.49,MW,1,0,0.57
MAG-7,17,Firestarter,Operation Vanguard Weapon Case,310,1,0.06,0.49,FT,2,0,0.39
MAG-7,17,Firestarter,Operation Vanguard Weapon Case,310,1,0.06,0.49,WW,3,0,0.82
MAG-7,17,Firestarter,Operation Vanguard Weapon Case,310,1,0.06,0.49,BS,4,0,0.66
MAG-7,17,Heaven Guard,Operation Phoenix Weapon Case,311,1,0.0,0.4,FN,0,1,1.3
MAG-7,17,Heaven Guard,Operation Phoenix Weapon Case,311,1,0.0,0.4,MW,1,1,0.64
MAG-7,17,Heaven Guard,Operation Phoenix Weapon Case,311,1,0.0,0.4,FT,2,1,0.46
MAG-7,17,Heaven Guard,Operation Phoenix Weapon Case,311,1,0.0,0.4,WW,3,1,0.5
MAG-7,17,Heaven Guard,Operation Phoenix Weapon Case,311,1,0.0,0.4,FN,0,0,0.46
MAG-7,17,Heaven Guard,Operation Phoenix Weapon Case,311,1,0.0,0.4,MW,1,0,0.3
MAG-7,17,Heaven Guard,Operation Phoenix Weapon Case,311,1,0.0,0.4,FT,2,0,0.27
MAG-7,17,Heaven Guard,Operation Phoenix Weapon Case,311,1,0.0,0.4,WW,3,0,0.31
MAG-7,17,Memento,eSports 2013 Case,144,1,0.02,0.18,FN,0,1,12.02
MAG-7,17,Memento,eSports 2013 Case,144,1,0.02,0.18,MW,1,1,5.07
MAG-7,17,Memento,eSports 2013 Case,144,1,0.02,0.18,FT,2,1,4.22
MAG-7,17,Memento,eSports 2013 Case,144,1,0.02,0.18,FN,0,0,6.47
MAG-7,17,Memento,eSports 2013 Case,144,1,0.02,0.18,MW,1,0,4.25
MAG-7,17,Memento,eSports 2013 Case,144,1,0.02,0.18,FT,2,0,3.88
Nova,18,Hyper Beast,Operation Wildfire Case,56,3,0.0,0.6,FN,0,1,74.71
Nova,18,Hyper Beast,Operation Wildfire Case,56,3,0.0,0.6,MW,1,1,56.76
Nova,18,Hyper Beast,Operation Wildfire Case,56,3,0.0,0.6,FT,2,1,29.09
Nova,18,Hyper Beast,Operation Wildfire Case,56,3,0.0,0.6,WW,3,1,30.13
Nova,18,Hyper Beast,Operation Wildfire Case,56,3,0.0,0.6,BS,4,1,27.57
Nova,18,Hyper Beast,Operation Wildfire Case,56,3,0.0,0.6,FN,0,0,36.08
Nova,18,Hyper Beast,Operation Wildfire Case,56,3,0.0,0.6,MW,1,0,21.94
Nova,18,Hyper Beast,Operation Wildfire Case,56,3,0.0,0.6,FT,2,0,15.29
Nova,18,Hyper Beast,Operation Wildfire Case,56,3,0.0,0.6,WW,3,0,14.75
Nova,18,Hyper Beast,Operation Wildfire Case,56,3,0.0,0.6,BS,4,0,13.11
Nova,18,Bloomstick,eSports 2014 Summer Case,312,3,0.06,0.8,MW,1,1,49.48
Nova,18,Bloomstick,eSports 2014 Summer Case,312,3,0.06,0.8,FT,2,1,16.99
Nova,18,Bloomstick,eSports 2014 Summer Case,312,3,0.06,0.8,WW,3,1,15.72
Nova,18,Bloomstick,eSports 2014 Summer Case,312,3,0.06,0.8,BS,4,1,17.19
Nova,18,Bloomstick,eSports 2014 Summer Case,312,3,0.06,0.8,FN,0,0,69.0
Nova,18,Bloomstick,eSports 2014 Summer Case,312,3,0.06,0.8,MW,1,0,17.14
Nova,18,Bloomstick,eSports 2014 Summer Case,312,3,0.06,0.8,FT,2,0,7.33
Nova,18,Bloomstick,eSports 2014 Summer Case,312,3,0.06,0.8,WW,3,0,6.76
Nova,18,Bloomstick,eSports 2014 Summer Case,312,3,0.06,0.8,BS,4,0,7.09
Nova,18,Antique,Operation Phoenix Weapon Case,251,3,0.0,0.3,FN,0,1,29.95
Nova,18,Antique,Operation Phoenix Weapon Case,251,3,0.0,0.3,MW,1,1,19.75
Nova,18,Antique,Operation Phoenix Weapon Case,251,3,0.0,0.3,FT,2,1,17.18
Nova,18,Antique,Operation Phoenix Weapon Case,251,3,0.0,0.3,FN,0,0,14.08
Nova,18,Antique,Operation Phoenix Weapon Case,251,3,0.0,0.3,MW,1,0,11.0
Nova,18,Antique,Operation Phoenix Weapon Case,251,3,0.0,0.3,FT,2,0,10.76
Nova,18,Clear Polymer,Operation Broken Fang Case,88,2,0.0,1.0,FN,0,1,15.76
Nova,18,Clear Polymer,Operation Broken Fang Case,88,2,0.0,1.0,MW,1,1,8.85
Nova,18,Clear Polymer,Operation Broken Fang Case,88,2,0.0,1.0,FT,2,1,3.36
Nova,18,Clear Polymer,Operation Broken Fang Case,88,2,0.0,1.0,WW,3,1,2.69
Nova,18,Clear Polymer,Operation Broken Fang Case,88,2,0.0,1.0,BS,4,1,2.8
Nova,18,Clear Polymer,Operation Broken Fang Case,88,2,0.0,1.0,FN,0,0,6.32
Nova,18,Clear Polymer,Operation Broken Fang Case,88,2,0.0,1.0,MW,1,0,3.99
Nova,18,Clear Polymer,Operation Broken Fang Case,88,2,0.0,1.0,FT,2,0,2.76
Nova,18,Clear Polymer,Operation Broken Fang Case,88,2,0.0,1.0,WW,3,0,2.23
Nova,18,Clear Polymer,Operation Broken Fang Case,88,2,0.0,1.0,BS,4,0,1.7
Nova,18,Toy Soldier,Horizon Case,313,2,0.0,1.0,FN,0,1,11.5
Nova,18,Toy Soldier,Horizon Case,313,2,0.0,1.0,MW,1,1,4.05
Nova,18,Toy Soldier,Horizon Case,313,2,0.0,1.0,FT,2,1,1.55
Nova,18,Toy Soldier,Horizon Case,313,2,0.0,1.0,WW,3,1,1.4
Nova,18,Toy Soldier,Horizon Case,313,2,0.0,1.0,BS,4,1,1.31
Nova,18,Toy Soldier,Horizon Case,313,2,0.0,1.0,FN,0,0,3.38
Nova,18,Toy Soldier,Horizon Case,313,2,0.0,1.0,MW,1,0,1.51
Nova,18,Toy Soldier,Horizon Case,313,2,0.0,1.0,FT,2,0,0.8
Nova,18,Toy Soldier,Horizon Case,313,2,0.0,1.0,WW,3,0,0.58
Nova,18,Toy Soldier,Horizon Case,313,2,0.0,1.0,BS,4,0,0.54
Nova,18,Wild Six,Clutch Case,314,2,0.0,0.8,FN,0,1,4.1
Nova,18,Wild Six,Clutch Case,314,2,0.0,0.8,MW,1,1,1.41
Nova,18,Wild Six,Clutch Case,314,2,0.0,0.8,FT,2,1,0.53
Nova,18,Wild Six,Clutch Case,314,2,0.0,0.8,WW,3,1,0.65
Nova,18,Wild Six,Clutch Case,314,2,0.0,0.8,BS,4,1,0.47
Nova,18,Wild Six,Clutch Case,314,2,0.0,0.8,FN,0,0,1.33
Nova,18,Wild Six,Clutch Case,314,2,0.0,0.8,MW,1,0,0.58
Nova,18,Wild Six,Clutch Case,314,2,0.0,0.8,FT,2,0,0.28
Nova,18,Wild Six,Clutch Case,314,2,0.0,0.8,WW,3,0,0.27
Nova,18,Wild Six,Clutch Case,314,2,0.0,0.8,BS,4,0,0.24
Nova,18,Gila,Glove Case,315,2,0.0,0.3,FN,0,1,3.93
Nova,18,Gila,Glove Case,315,2,0.0,0.3,MW,1,1,1.78
Nova,18,Gila,Glove Case,315,2,0.0,0.3,FT,2,1,1.23
Nova,18,Gila,Glove Case,315,2,0.0,0.3,FN,0,0,1.31
Nova,18,Gila,Glove Case,315,2,0.0,0.3,MW,1,0,0.6
Nova,18,Gila,Glove Case,315,2,0.0,0.3,FT,2,0,0.38
Nova,18,Koi,Operation Breakout Weapon Case,316,2,0.0,0.3,FN,0,1,5.0
Nova,18,Koi,Operation Breakout Weapon Case,316,2,0.0,0.3,MW,1,1,2.85
Nova,18,Koi,Operation Breakout Weapon Case,316,2,0.0,0.3,FT,2,1,2.21
Nova,18,Koi,Operation Breakout Weapon Case,316,2,0.0,0.3,FN,0,0,1.52
Nova,18,Koi,Operation Breakout Weapon Case,316,2,0.0,0.3,MW,1,0,0.85
Nova,18,Koi,Operation Breakout Weapon Case,316,2,0.0,0.3,FT,2,0,0.69
Nova,18,Rising Skull,Winter Offensive Weapon Case,317,2,0.0,0.5,FN,0,1,19.56
Nova,18,Rising Skull,Winter Offensive Weapon Case,317,2,0.0,0.5,MW,1,1,13.62
Nova,18,Rising Skull,Winter Offensive Weapon Case,317,2,0.0,0.5,FT,2,1,12.01
Nova,18,Rising Skull,Winter Offensive Weapon Case,317,2,0.0,0.5,WW,3,1,12.13
Nova,18,Rising Skull,Winter Offensive Weapon Case,317,2,0.0,0.5,BS,4,1,12.65
Nova,18,Rising Skull,Winter Offensive Weapon Case,317,2,0.0,0.5,FN,0,0,7.25
Nova,18,Rising Skull,Winter Offensive Weapon Case,317,2,0.0,0.5,MW,1,0,6.02
Nova,18,Rising Skull,Winter Offensive Weapon Case,317,2,0.0,0.5,FT,2,0,5.45
Nova,18,Rising Skull,Winter Offensive Weapon Case,317,2,0.0,0.5,WW,3,0,5.45
Nova,18,Rising Skull,Winter Offensive Weapon Case,317,2,0.0,0.5,BS,4,0,5.42
Nova,18,Graphite,CS:GO Weapon Case 2,318,2,0.0,0.12,FN,0,1,33.28
Nova,18,Graphite,CS:GO Weapon Case 2,318,2,0.0,0.12,MW,1,1,22.79
Nova,18,Graphite,CS:GO Weapon Case 2,318,2,0.0,0.12,FN,0,0,12.01
Nova,18,Graphite,CS:GO Weapon Case 2,318,2,0.0,0.12,MW,1,0,10.73
Nova,18,Windblown,Snakebite Case,319,1,0.0,0.5,FN,0,1,1.4
Nova,18,Windblown,Snakebite Case,319,1,0.0,0.5,MW,1,1,0.58
Nova,18,Windblown,Snakebite Case,319,1,0.0,0.5,FT,2,1,0.26
Nova,18,Windblown,Snakebite Case,319,1,0.0,0.5,WW,3,1,0.25
Nova,18,Windblown,Snakebite Case,319,1,0.0,0.5,BS,4,1,0.3
Nova,18,Windblown,Snakebite Case,319,1,0.0,0.5,FN,0,0,0.41
Nova,18,Windblown,Snakebite Case,319,1,0.0,0.5,MW,1,0,0.16
Nova,18,Windblown,Snakebite Case,319,1,0.0,0.5,FT,2,0,0.1
Nova,18,Windblown,Snakebite Case,319,1,0.0,0.5,WW,3,0,0.11
Nova,18,Windblown,Snakebite Case,319,1,0.0,0.5,BS,4,0,0.09
Nova,18,Plume,Shattered Web Case,320,1,0.0,0.8,FN,0,1,4.19
Nova,18,Plume,Shattered Web Case,320,1,0.0,0.8,MW,1,1,2.08
Nova,18,Plume,Shattered Web Case,320,1,0.0,0.8,FT,2,1,0.8
Nova,18,Plume,Shattered Web Case,320,1,0.0,0.8,WW,3,1,1.17
Nova,18,Plume,Shattered Web Case,320,1,0.0,0.8,BS,4,1,0.75
Nova,18,Plume,Shattered Web Case,320,1,0.0,0.8,FN,0,0,1.52
Nova,18,Plume,Shattered Web Case,320,1,0.0,0.8,MW,1,0,1.12
Nova,18,Plume,Shattered Web Case,320,1,0.0,0.8,FT,2,0,1.08
Nova,18,Plume,Shattered Web Case,320,1,0.0,0.8,WW,3,0,1.21
Nova,18,Plume,Shattered Web Case,320,1,0.0,0.8,BS,4,0,1.04
Nova,18,Wood Fired,Danger Zone Case,321,1,0.0,0.75,FN,0,1,0.95
Nova,18,Wood Fired,Danger Zone Case,321,1,0.0,0.75,MW,1,1,0.31
Nova,18,Wood Fired,Danger Zone Case,321,1,0.0,0.75,FT,2,1,0.15
Nova,18,Wood Fired,Danger Zone Case,321,1,0.0,0.75,WW,3,1,0.23
Nova,18,Wood Fired,Danger Zone Case,321,1,0.0,0.75,BS,4,1,0.13
Nova,18,Wood Fired,Danger Zone Case,321,1,0.0,0.75,FN,0,0,0.23
Nova,18,Wood Fired,Danger Zone Case,321,1,0.0,0.75,MW,1,0,0.12
Nova,18,Wood Fired,Danger Zone Case,321,1,0.0,0.75,FT,2,0,0.08
Nova,18,Wood Fired,Danger Zone Case,321,1,0.0,0.75,WW,3,0,0.08
Nova,18,Wood Fired,Danger Zone Case,321,1,0.0,0.75,BS,4,0,0.08
Nova,18,Exo,Gamma Case,322,1,0.0,0.5,FN,0,1,1.27
Nova,18,Exo,Gamma Case,322,1,0.0,0.5,MW,1,1,0.72
Nova,18,Exo,Gamma Case,322,1,0.0,0.5,FT,2,1,0.26
Nova,18,Exo,Gamma Case,322,1,0.0,0.5,WW,3,1,0.39
Nova,18,Exo,Gamma Case,322,1,0.0,0.5,BS,4,1,0.41
Nova,18,Exo,Gamma Case,322,1,0.0,0.5,FN,0,0,0.28
Nova,18,Exo,Gamma Case,322,1,0.0,0.5,MW,1,0,0.17
Nova,18,Exo,Gamma Case,322,1,0.0,0.5,FT,2,0,0.12
Nova,18,Exo,Gamma Case,322,1,0.0,0.5,WW,3,0,0.16
Nova,18,Exo,Gamma Case,322,1,0.0,0.5,BS,4,0,0.2
Nova,18,Ranger,Falchion Case,323,1,0.0,1.0,FN,0,1,2.48
Nova,18,Ranger,Falchion Case,323,1,0.0,1.0,MW,1,1,0.8
Nova,18,Ranger,Falchion Case,323,1,0.0,1.0,FT,2,1,0.37
Nova,18,Ranger,Falchion Case,323,1,0.0,1.0,WW,3,1,0.3
Nova,18,Ranger,Falchion Case,323,1,0.0,1.0,BS,4,1,0.23
Nova,18,Ranger,Falchion Case,323,1,0.0,1.0,FN,0,0,0.72
Nova,18,Ranger,Falchion Case,323,1,0.0,1.0,MW,1,0,0.25
Nova,18,Ranger,Falchion Case,323,1,0.0,1.0,FT,2,0,0.27
Nova,18,Ranger,Falchion Case,323,1,0.0,1.0,WW,3,0,0.21
Nova,18,Ranger,Falchion Case,323,1,0.0,1.0,BS,4,0,0.2
Nova,18,Ghost Camo,eSports 2013 Winter Case,324,1,0.0,0.4,FN,0,1,6.75
Nova,18,Ghost Camo,eSports 2013 Winter Case,324,1,0.0,0.4,MW,1,1,5.3
Nova,18,Ghost Camo,eSports 2013 Winter Case,324,1,0.0,0.4,FT,2,1,6.28
Nova,18,Ghost Camo,eSports 2013 Winter Case,324,1,0.0,0.4,WW,3,1,6.21
Nova,18,Ghost Camo,eSports 2013 Winter Case,324,1,0.0,0.4,FN,0,0,1.95
Nova,18,Ghost Camo,eSports 2013 Winter Case,324,1,0.0,0.4,MW,1,0,1.38
Nova,18,Ghost Camo,eSports 2013 Winter Case,324,1,0.0,0.4,FT,2,0,1.26
Nova,18,Ghost Camo,eSports 2013 Winter Case,324,1,0.0,0.4,WW,3,0,1.64
Nova,18,Tempest,Operation Bravo Case,325,1,0.06,0.22,FN,0,1,48.04
Nova,18,Tempest,Operation Bravo Case,325,1,0.06,0.22,MW,1,1,8.7
Nova,18,Tempest,Operation Bravo Case,325,1,0.06,0.22,FT,2,1,7.47
Nova,18,Tempest,Operation Bravo Case,325,1,0.06,0.22,FN,0,0,16.44
Nova,18,Tempest,Operation Bravo Case,325,1,0.06,0.22,MW,1,0,7.68
Nova,18,Tempest,Operation Bravo Case,325,1,0.06,0.22,FT,2,0,7.61
Sawed-Off,19,The Kraken,Winter Offensive Weapon Case,326,4,0.0,0.4,FN,0,1,60.28
Sawed-Off,19,The Kraken,Winter Offensive Weapon Case,326,4,0.0,0.4,MW,1,1,23.09
Sawed-Off,19,The Kraken,Winter Offensive Weapon Case,326,4,0.0,0.4,FT,2,1,21.13
Sawed-Off,19,The Kraken,Winter Offensive Weapon Case,326,4,0.0,0.4,WW,3,1,1228.72
Sawed-Off,19,The Kraken,Winter Offensive Weapon Case,326,4,0.0,0.4,FN,0,0,7.66
Sawed-Off,19,The Kraken,Winter Offensive Weapon Case,326,4,0.0,0.4,MW,1,0,5.23
Sawed-Off,19,The Kraken,Winter Offensive Weapon Case,326,4,0.0,0.4,FT,2,0,5.17
Sawed-Off,19,The Kraken,Winter Offensive Weapon Case,326,4,0.0,0.4,WW,3,0,12.08
Sawed-Off,19,Kiss♥Love,Recoil Case,327,3,0.0,1.0,FN,0,1,35.24
Sawed-Off,19,Kiss♥Love,Recoil Case,327,3,0.0,1.0,MW,1,1,11.73
Sawed-Off,19,Kiss♥Love,Recoil Case,327,3,0.0,1.0,FT,2,1,5.47
Sawed-Off,19,Kiss♥Love,Recoil Case,327,3,0.0,1.0,WW,3,1,4.99
Sawed-Off,19,Kiss♥Love,Recoil Case,327,3,0.0,1.0,BS,4,1,4.69
Sawed-Off,19,Kiss♥Love,Recoil Case,327,3,0.0,1.0,FN,0,0,11.88
Sawed-Off,19,Kiss♥Love,Recoil Case,327,3,0.0,1.0,MW,1,0,5.35
Sawed-Off,19,Kiss♥Love,Recoil Case,327,3,0.0,1.0,FT,2,0,3.0
Sawed-Off,19,Kiss♥Love,Recoil Case,327,3,0.0,1.0,WW,3,0,2.6
Sawed-Off,19,Kiss♥Love,Recoil Case,327,3,0.0,1.0,BS,4,0,2.5
Sawed-Off,19,Devourer,Horizon Case,328,3,0.0,0.8,FN,0,1,35.02
Sawed-Off,19,Devourer,Horizon Case,328,3,0.0,0.8,MW,1,1,15.75
Sawed-Off,19,Devourer,Horizon Case,328,3,0.0,0.8,FT,2,1,7.82
Sawed-Off,19,Devourer,Horizon Case,328,3,0.0,0.8,WW,3,1,7.62
Sawed-Off,19,Devourer,Horizon Case,328,3,0.0,0.8,BS,4,1,6.62
Sawed-Off,19,Devourer,Horizon Case,328,3,0.0,0.8,FN,0,0,13.43
Sawed-Off,19,Devourer,Horizon Case,328,3,0.0,0.8,MW,1,0,6.41
Sawed-Off,19,Devourer,Horizon Case,328,3,0.0,0.8,FT,2,0,3.73
Sawed-Off,19,Devourer,Horizon Case,328,3,0.0,0.8,WW,3,0,3.48
Sawed-Off,19,Devourer,Horizon Case,328,3,0.0,0.8,BS,4,0,2.9
Sawed-Off,19,Wasteland Princess,Glove Case,329,3,0.0,0.7,FN,0,1,17.48
Sawed-Off,19,Wasteland Princess,Glove Case,329,3,0.0,0.7,MW,1,1,7.97
Sawed-Off,19,Wasteland Princess,Glove Case,329,3,0.0,0.7,FT,2,1,4.15
Sawed-Off,19,Wasteland Princess,Glove Case,329,3,0.0,0.7,WW,3,1,4.34
Sawed-Off,19,Wasteland Princess,Glove Case,329,3,0.0,0.7,BS,4,1,4.94
Sawed-Off,19,Wasteland Princess,Glove Case,329,3,0.0,0.7,FN,0,0,7.7
Sawed-Off,19,Wasteland Princess,Glove Case,329,3,0.0,0.7,MW,1,0,3.58
Sawed-Off,19,Wasteland Princess,Glove Case,329,3,0.0,0.7,FT,2,0,1.61
Sawed-Off,19,Wasteland Princess,Glove Case,329,3,0.0,0.7,WW,3,0,2.14
Sawed-Off,19,Wasteland Princess,Glove Case,329,3,0.0,0.7,BS,4,0,1.46
Sawed-Off,19,Apocalypto,Prisma 2 Case,330,2,0.0,1.0,FN,0,1,5.49
Sawed-Off,19,Apocalypto,Prisma 2 Case,330,2,0.0,1.0,MW,1,1,1.77
Sawed-Off,19,Apocalypto,Prisma 2 Case,330,2,0.0,1.0,FT,2,1,0.88
Sawed-Off,19,Apocalypto,Prisma 2 Case,330,2,0.0,1.0,WW,3,1,0.74
Sawed-Off,19,Apocalypto,Prisma 2 Case,330,2,0.0,1.0,BS,4,1,0.8
Sawed-Off,19,Apocalypto,Prisma 2 Case,330,2,0.0,1.0,FN,0,0,1.66
Sawed-Off,19,Apocalypto,Prisma 2 Case,330,2,0.0,1.0,MW,1,0,0.69
Sawed-Off,19,Apocalypto,Prisma 2 Case,330,2,0.0,1.0,FT,2,0,0.34
Sawed-Off,19,Apocalypto,Prisma 2 Case,330,2,0.0,1.0,WW,3,0,0.28
Sawed-Off,19,Apocalypto,Prisma 2 Case,330,2,0.0,1.0,BS,4,0,0.27
Sawed-Off,19,Limelight,Gamma Case,331,2,0.0,1.0,FN,0,1,7.87
Sawed-Off,19,Limelight,Gamma Case,331,2,0.0,1.0,MW,1,1,2.53
Sawed-Off,19,Limelight,Gamma Case,331,2,0.0,1.0,FT,2,1,1.19
Sawed-Off,19,Limelight,Gamma Case,331,2,0.0,1.0,WW,3,1,0.94
Sawed-Off,19,Limelight,Gamma Case,331,2,0.0,1.0,BS,4,1,0.96
Sawed-Off,19,Limelight,Gamma Case,331,2,0.0,1.0,FN,0,0,2.31
Sawed-Off,19,Limelight,Gamma Case,331,2,0.0,1.0,MW,1,0,0.85
Sawed-Off,19,Limelight,Gamma Case,331,2,0.0,1.0,FT,2,0,0.46
Sawed-Off,19,Limelight,Gamma Case,331,2,0.0,1.0,WW,3,0,0.37
Sawed-Off,19,Limelight,Gamma Case,331,2,0.0,1.0,BS,4,0,0.32
Sawed-Off,19,Serenity,Chroma Case,332,2,0.0,0.5,FN,0,1,7.72
Sawed-Off,19,Serenity,Chroma Case,332,2,0.0,0.5,MW,1,1,6.75
Sawed-Off,19,Serenity,Chroma Case,332,2,0.0,0.5,FT,2,1,3.56
Sawed-Off,19,Serenity,Chroma Case,332,2,0.0,0.5,WW,3,1,3.75
Sawed-Off,19,Serenity,Chroma Case,332,2,0.0,0.5,BS,4,1,3.58
Sawed-Off,19,Serenity,Chroma Case,332,2,0.0,0.5,FN,0,0,3.02
Sawed-Off,19,Serenity,Chroma Case,332,2,0.0,0.5,MW,1,0,2.08
Sawed-Off,19,Serenity,Chroma Case,332,2,0.0,0.5,FT,2,0,1.27
Sawed-Off,19,Serenity,Chroma Case,332,2,0.0,0.5,WW,3,0,1.31
Sawed-Off,19,Serenity,Chroma Case,332,2,0.0,0.5,BS,4,0,1.42
Sawed-Off,19,Highwayman,Operation Vanguard Weapon Case,333,2,0.0,1.0,FN,0,1,8.58
Sawed-Off,19,Highwayman,Operation Vanguard Weapon Case,333,2,0.0,1.0,MW,1,1,4.83
Sawed-Off,19,Highwayman,Operation Vanguard Weapon Case,333,2,0.0,1.0,FT,2,1,2.12
Sawed-Off,19,Highwayman,Operation Vanguard Weapon Case,333,2,0.0,1.0,WW,3,1,1.88
Sawed-Off,19,Highwayman,Operation Vanguard Weapon Case,333,2,0.0,1.0,BS,4,1,1.9
Sawed-Off,19,Highwayman,Operation Vanguard Weapon Case,333,2,0.0,1.0,FN,0,0,2.47
Sawed-Off,19,Highwayman,Operation Vanguard Weapon Case,333,2,0.0,1.0,MW,1,0,1.27
Sawed-Off,19,Highwayman,Operation Vanguard Weapon Case,333,2,0.0,1.0,FT,2,0,0.82
Sawed-Off,19,Highwayman,Operation Vanguard Weapon Case,333,2,0.0,1.0,WW,3,0,0.55
Sawed-Off,19,Highwayman,Operation Vanguard Weapon Case,333,2,0.0,1.0,BS,4,0,0.52
Sawed-Off,19,Orange DDPAT,eSports 2013 Case,334,2,0.06,0.8,FN,0,1,187.85
Sawed-Off,19,Orange DDPAT,eSports 2013 Case,334,2,0.06,0.8,MW,1,1,44.08
Sawed-Off,19,Orange DDPAT,eSports 2013 Case,334,2,0.06,0.8,FT,2,1,24.21
Sawed-Off,19,Orange DDPAT,eSports 2013 Case,334,2,0.06,0.8,WW,3,1,37.38
Sawed-Off,19,Orange DDPAT,eSports 2013 Case,334,2,0.06,0.8,BS,4,1,21.85
Sawed-Off,19,Orange DDPAT,eSports 2013 Case,334,2,0.06,0.8,FN,0,0,59.23
Sawed-Off,19,Orange DDPAT,eSports 2013 Case,334,2,0.06,0.8,MW,1,0,19.72
Sawed-Off,19,Orange DDPAT,eSports 2013 Case,334,2,0.06,0.8,FT,2,0,13.75
Sawed-Off,19,Orange DDPAT,eSports 2013 Case,334,2,0.06,0.8,WW,3,0,15.3
Sawed-Off,19,Orange DDPAT,eSports 2013 Case,334,2,0.06,0.8,BS,4,0,15.22
Sawed-Off,19,Spirit Board,Dreams & Nightmares Case,335,1,0.0,1.0,FN,0,1,0.99
Sawed-Off,19,Spirit Board,Dreams & Nightmares Case,335,1,0.0,1.0,MW,1,1,0.32
Sawed-Off,19,Spirit Board,Dreams & Nightmares Case,335,1,0.0,1.0,FT,2,1,0.13
Sawed-Off,19,Spirit Board,Dreams & Nightmares Case,335,1,0.0,1.0,WW,3,1,0.13
Sawed-Off,19,Spirit Board,Dreams & Nightmares Case,335,1,0.0,1.0,BS,4,1,0.18
Sawed-Off,19,Spirit Board,Dreams & Nightmares Case,335,1,0.0,1.0,FN,0,0,0.27
Sawed-Off,19,Spirit Board,Dreams & Nightmares Case,335,1,0.0,1.0,MW,1,0,0.11
Sawed-Off,19,Spirit Board,Dreams & Nightmares Case,335,1,0.0,1.0,FT,2,0,0.07
Sawed-Off,19,Spirit Board,Dreams & Nightmares Case,335,1,0.0,1.0,WW,3,0,0.07
Sawed-Off,19,Spirit Board,Dreams & Nightmares Case,335,1,0.0,1.0,BS,4,0,0.07
Sawed-Off,19,Black Sand,Danger Zone Case,239,1,0.0,0.9,FN,0,1,1.03
Sawed-Off,19,Black Sand,Danger Zone Case,239,1,0.0,0.9,MW,1,1,0.3
Sawed-Off,19,Black Sand,Danger Zone Case,239,1,0.0,0.9,FT,2,1,0.14
Sawed-Off,19,Black Sand,Danger Zone Case,239,1,0.0,0.9,WW,3,1,0.12
Sawed-Off,19,Black Sand,Danger Zone Case,239,1,0.0,0.9,BS,4,1,0.11
Sawed-Off,19,Black Sand,Danger Zone Case,239,1,0.0,0.9,FN,0,0,0.24
Sawed-Off,19,Black Sand,Danger Zone Case,239,1,0.0,0.9,MW,1,0,0.12
Sawed-Off,19,Black Sand,Danger Zone Case,239,1,0.0,0.9,FT,2,0,0.08
Sawed-Off,19,Black Sand,Danger Zone Case,239,1,0.0,0.9,WW,3,0,0.07
Sawed-Off,19,Black Sand,Danger Zone Case,239,1,0.0,0.9,BS,4,0,0.07
Sawed-Off,19,Morris,Spectrum 2 Case,336,1,0.0,1.0,FN,0,1,1.0
Sawed-Off,19,Morris,Spectrum 2 Case,336,1,0.0,1.0,MW,1,1,0.3
Sawed-Off,19,Morris,Spectrum 2 Case,336,1,0.0,1.0,FT,2,1,0.19
Sawed-Off,19,Morris,Spectrum 2 Case,336,1,0.0,1.0,WW,3,1,0.12
Sawed-Off,19,Morris,Spectrum 2 Case,336,1,0.0,1.0,BS,4,1,0.12
Sawed-Off,19,Morris,Spectrum 2 Case,336,1,0.0,1.0,FN,0,0,0.27
Sawed-Off,19,Morris,Spectrum 2 Case,336,1,0.0,1.0,MW,1,0,0.11
Sawed-Off,19,Morris,Spectrum 2 Case,336,1,0.0,1.0,FT,2,0,0.09
Sawed-Off,19,Morris,Spectrum 2 Case,336,1,0.0,1.0,WW,3,0,0.07
Sawed-Off,19,Morris,Spectrum 2 Case,336,1,0.0,1.0,BS,4,0,0.07
Sawed-Off,19,Zander,Spectrum Case,337,1,0.05,1.0,FN,0,1,1.51
Sawed-Off,19,Zander,Spectrum Case,337,1,0.05,1.0,MW,1,1,0.85
Sawed-Off,19,Zander,Spectrum Case,337,1,0.05,1.0,FT,2,1,0.34
Sawed-Off,19,Zander,Spectrum Case,337,1,0.05,1.0,WW,3,1,0.24
Sawed-Off,19,Zander,Spectrum Case,337,1,0.05,1.0,BS,4,1,0.21
Sawed-Off,19,Zander,Spectrum Case,337,1,0.05,1.0,FN,0,0,0.35
Sawed-Off,19,Zander,Spectrum Case,337,1,0.05,1.0,MW,1,0,0.21
Sawed-Off,19,Zander,Spectrum Case,337,1,0.05,1.0,FT,2,0,0.18
Sawed-Off,19,Zander,Spectrum Case,337,1,0.05,1.0,WW,3,0,0.17
Sawed-Off,19,Zander,Spectrum Case,337,1,0.05,1.0,BS,4,0,0.13
Sawed-Off,19,Fubar,Chroma 3 Case,156,1,0.4,1.0,WW,3,1,0.31
Sawed-Off,19,Fubar,Chroma 3 Case,156,1,0.4,1.0,BS,4,1,0.11
Sawed-Off,19,Fubar,Chroma 3 Case,156,1,0.4,1.0,WW,3,0,0.09
Sawed-Off,19,Fubar,Chroma 3 Case,156,1,0.4,1.0,BS,4,0,0.07
Sawed-Off,19,Yorick,Revolver Case,338,1,0.0,1.0,FN,0,1,2.0
Sawed-Off,19,Yorick,Revolver Case,338,1,0.0,1.0,MW,1,1,0.7
Sawed-Off,19,Yorick,Revolver Case,338,1,0.0,1.0,FT,2,1,0.25
Sawed-Off,19,Yorick,Revolver Case,338,1,0.0,1.0,WW,3,1,0.19
Sawed-Off,19,Yorick,Revolver Case,338,1,0.0,1.0,BS,4,1,0.17
Sawed-Off,19,Yorick,Revolver Case,338,1,0.0,1.0,FN,0,0,0.43
Sawed-Off,19,Yorick,Revolver Case,338,1,0.0,1.0,MW,1,0,0.17
Sawed-Off,19,Yorick,Revolver Case,338,1,0.0,1.0,FT,2,0,0.09
Sawed-Off,19,Yorick,Revolver Case,338,1,0.0,1.0,WW,3,0,0.07
Sawed-Off,19,Yorick,Revolver Case,338,1,0.0,1.0,BS,4,0,0.07
Sawed-Off,19,Origami,Chroma 2 Case,339,1,0.0,0.55,FN,0,1,0.8
Sawed-Off,19,Origami,Chroma 2 Case,339,1,0.0,0.55,MW,1,1,0.41
Sawed-Off,19,Origami,Chroma 2 Case,339,1,0.0,0.55,FT,2,1,0.23
Sawed-Off,19,Origami,Chroma 2 Case,339,1,0.0,0.55,WW,3,1,0.25
Sawed-Off,19,Origami,Chroma 2 Case,339,1,0.0,0.55,BS,4,1,0.43
Sawed-Off,19,Origami,Chroma 2 Case,339,1,0.0,0.55,FN,0,0,0.23
Sawed-Off,19,Origami,Chroma 2 Case,339,1,0.0,0.55,MW,1,0,0.15
Sawed-Off,19,Origami,Chroma 2 Case,339,1,0.0,0.55,FT,2,0,0.09
Sawed-Off,19,Origami,Chroma 2 Case,339,1,0.0,0.55,WW,3,0,0.13
Sawed-Off,19,Origami,Chroma 2 Case,339,1,0.0,0.55,BS,4,0,0.09
XM1014,20,XOXO,Snakebite Case,340,3,0.0,0.9,FN,0,1,28.87
XM1014,20,XOXO,Snakebite Case,340,3,0.0,0.9,MW,1,1,8.85
XM1014,20,XOXO,Snakebite Case,340,3,0.0,0.9,FT,2,1,3.7
XM1014,20,XOXO,Snakebite Case,340,3,0.0,0.9,WW,3,1,3.02
XM1014,20,XOXO,Snakebite Case,340,3,0.0,0.9,BS,4,1,2.8
XM1014,20,XOXO,Snakebite Case,340,3,0.0,0.9,FN,0,0,8.71
XM1014,20,XOXO,Snakebite Case,340,3,0.0,0.9,MW,1,0,3.7
XM1014,20,XOXO,Snakebite Case,340,3,0.0,0.9,FT,2,0,1.53
XM1014,20,XOXO,Snakebite Case,340,3,0.0,0.9,WW,3,0,1.35
XM1014,20,XOXO,Snakebite Case,340,3,0.0,0.9,BS,4,0,1.26
XM1014,20,Entombed,Fracture Case,341,3,0.0,0.5,FN,0,1,19.75
XM1014,20,Entombed,Fracture Case,341,3,0.0,0.5,MW,1,1,9.35
XM1014,20,Entombed,Fracture Case,341,3,0.0,0.5,FT,2,1,5.45
XM1014,20,Entombed,Fracture Case,341,3,0.0,0.5,WW,3,1,5.35
XM1014,20,Entombed,Fracture Case,341,3,0.0,0.5,BS,4,1,5.14
XM1014,20,Entombed,Fracture Case,341,3,0.0,0.5,FN,0,0,8.66
XM1014,20,Entombed,Fracture Case,341,3,0.0,0.5,MW,1,0,4.9
XM1014,20,Entombed,Fracture Case,341,3,0.0,0.5,FT,2,0,3.06
XM1014,20,Entombed,Fracture Case,341,3,0.0,0.5,WW,3,0,2.79
XM1014,20,Entombed,Fracture Case,341,3,0.0,0.5,BS,4,0,2.53
XM1014,20,Incinegator,Prisma Case,342,3,0.14,0.65,MW,1,1,62.69
XM1014,20,Incinegator,Prisma Case,342,3,0.14,0.65,FT,2,1,3.88
XM1014,20,Incinegator,Prisma Case,342,3,0.14,0.65,WW,3,1,5.86
XM1014,20,Incinegator,Prisma Case,342,3,0.14,0.65,BS,4,1,4.25
XM1014,20,Incinegator,Prisma Case,342,3,0.14,0.65,MW,1,0,16.45
XM1014,20,Incinegator,Prisma Case,342,3,0.14,0.65,FT,2,0,1.61
XM1014,20,Incinegator,Prisma Case,342,3,0.14,0.65,WW,3,0,2.53
XM1014,20,Incinegator,Prisma Case,342,3,0.14,0.65,BS,4,0,1.5
XM1014,20,Tranquility,Operation Vanguard Weapon Case,343,3,0.0,0.5,FN,0,1,90.25
XM1014,20,Tranquility,Operation Vanguard Weapon Case,343,3,0.0,0.5,MW,1,1,38.12
XM1014,20,Tranquility,Operation Vanguard Weapon Case,343,3,0.0,0.5,FT,2,1,21.0
XM1014,20,Tranquility,Operation Vanguard Weapon Case,343,3,0.0,0.5,WW,3,1,25.26
XM1014,20,Tranquility,Operation Vanguard Weapon Case,343,3,0.0,0.5,BS,4,1,20.65
XM1014,20,Tranquility,Operation Vanguard Weapon Case,343,3,0.0,0.5,FN,0,0,28.31
XM1014,20,Tranquility,Operation Vanguard Weapon Case,343,3,0.0,0.5,MW,1,0,11.75
XM1014,20,Tranquility,Operation Vanguard Weapon Case,343,3,0.0,0.5,FT,2,0,6.32
XM1014,20,Tranquility,Operation Vanguard Weapon Case,343,3,0.0,0.5,WW,3,0,8.29
XM1014,20,Tranquility,Operation Vanguard Weapon Case,343,3,0.0,0.5,BS,4,0,7.44
XM1014,20,Zombie Offensive,Dreams & Nightmares Case,344,2,0.0,0.5,FN,0,1,3.16
XM1014,20,Zombie Offensive,Dreams & Nightmares Case,344,2,0.0,0.5,MW,1,1,1.15
XM1014,20,Zombie Offensive,Dreams & Nightmares Case,344,2,0.0,0.5,FT,2,1,0.42
XM1014,20,Zombie Offensive,Dreams & Nightmares Case,344,2,0.0,0.5,WW,3,1,0.53
XM1014,20,Zombie Offensive,Dreams & Nightmares Case,344,2,0.0,0.5,BS,4,1,0.47
XM1014,20,Zombie Offensive,Dreams & Nightmares Case,344,2,0.0,0.5,FN,0,0,1.19
XM1014,20,Zombie Offensive,Dreams & Nightmares Case,344,2,0.0,0.5,MW,1,0,0.51
XM1014,20,Zombie Offensive,Dreams & Nightmares Case,344,2,0.0,0.5,FT,2,0,0.23
XM1014,20,Zombie Offensive,Dreams & Nightmares Case,344,2,0.0,0.5,WW,3,0,0.24
XM1014,20,Zombie Offensive,Dreams & Nightmares Case,344,2,0.0,0.5,BS,4,0,0.25
XM1014,20,Ziggy,Spectrum 2 Case,345,2,0.0,0.72,FN,0,1,6.29
XM1014,20,Ziggy,Spectrum 2 Case,345,2,0.0,0.72,MW,1,1,2.5
XM1014,20,Ziggy,Spectrum 2 Case,345,2,0.0,0.72,FT,2,1,1.1
XM1014,20,Ziggy,Spectrum 2 Case,345,2,0.0,0.72,WW,3,1,1.81
XM1014,20,Ziggy,Spectrum 2 Case,345,2,0.0,0.72,BS,4,1,1.3
XM1014,20,Ziggy,Spectrum 2 Case,345,2,0.0,0.72,FN,0,0,1.62
XM1014,20,Ziggy,Spectrum 2 Case,345,2,0.0,0.72,MW,1,0,0.82
XM1014,20,Ziggy,Spectrum 2 Case,345,2,0.0,0.72,FT,2,0,0.42
XM1014,20,Ziggy,Spectrum 2 Case,345,2,0.0,0.72,WW,3,0,0.57
XM1014,20,Ziggy,Spectrum 2 Case,345,2,0.0,0.72,BS,4,0,0.37
XM1014,20,Seasons,Spectrum Case,346,2,0.0,0.5,FN,0,1,7.62
XM1014,20,Seasons,Spectrum Case,346,2,0.0,0.5,MW,1,1,4.5
XM1014,20,Seasons,Spectrum Case,346,2,0.0,0.5,FT,2,1,2.89
XM1014,20,Seasons,Spectrum Case,346,2,0.0,0.5,WW,3,1,3.91
XM1014,20,Seasons,Spectrum Case,346,2,0.0,0.5,BS,4,1,3.59
XM1014,20,Seasons,Spectrum Case,346,2,0.0,0.5,FN,0,0,3.0
XM1014,20,Seasons,Spectrum Case,346,2,0.0,0.5,MW,1,0,1.78
XM1014,20,Seasons,Spectrum Case,346,2,0.0,0.5,FT,2,0,1.56
XM1014,20,Seasons,Spectrum Case,346,2,0.0,0.5,WW,3,0,1.35
XM1014,20,Seasons,Spectrum Case,346,2,0.0,0.5,BS,4,0,1.69
XM1014,20,Black Tie,Chroma 3 Case,347,2,0.0,0.75,FN,0,1,19.29
XM1014,20,Black Tie,Chroma 3 Case,347,2,0.0,0.75,MW,1,1,5.7
XM1014,20,Black Tie,Chroma 3 Case,347,2,0.0,0.75,FT,2,1,1.62
XM1014,20,Black Tie,Chroma 3 Case,347,2,0.0,0.75,WW,3,1,2.31
XM1014,20,Black Tie,Chroma 3 Case,347,2,0.0,0.75,BS,4,1,1.65
XM1014,20,Black Tie,Chroma 3 Case,347,2,0.0,0.75,FN,0,0,3.14
XM1014,20,Black Tie,Chroma 3 Case,347,2,0.0,0.75,MW,1,0,1.27
XM1014,20,Black Tie,Chroma 3 Case,347,2,0.0,0.75,FT,2,0,0.41
XM1014,20,Black Tie,Chroma 3 Case,347,2,0.0,0.75,WW,3,0,0.46
XM1014,20,Black Tie,Chroma 3 Case,347,2,0.0,0.75,BS,4,0,0.34
XM1014,20,Teclu Burner,Revolver Case,348,2,0.0,0.65,FN,0,1,11.99
XM1014,20,Teclu Burner,Revolver Case,348,2,0.0,0.65,MW,1,1,5.75
XM1014,20,Teclu Burner,Revolver Case,348,2,0.0,0.65,FT,2,1,2.64
XM1014,20,Teclu Burner,Revolver Case,348,2,0.0,0.65,WW,3,1,5.14
XM1014,20,Teclu Burner,Revolver Case,348,2,0.0,0.65,BS,4,1,2.34
XM1014,20,Teclu Burner,Revolver Case,348,2,0.0,0.65,FN,0,0,2.89
XM1014,20,Teclu Burner,Revolver Case,348,2,0.0,0.65,MW,1,0,1.52
XM1014,20,Teclu Burner,Revolver Case,348,2,0.0,0.65,FT,2,0,1.05
XM1014,20,Teclu Burner,Revolver Case,348,2,0.0,0.65,WW,3,0,1.22
XM1014,20,Teclu Burner,Revolver Case,348,2,0.0,0.65,BS,4,0,1.04
XM1014,20,Heaven Guard,Huntsman Weapon Case,311,2,0.03,0.5,FN,0,1,27.99
XM1014,20,Heaven Guard,Huntsman Weapon Case,311,2,0.03,0.5,MW,1,1,16.1
XM1014,20,Heaven Guard,Huntsman Weapon Case,311,2,0.03,0.5,FT,2,1,12.67
XM1014,20,Heaven Guard,Huntsman Weapon Case,311,2,0.03,0.5,WW,3,1,15.11
XM1014,20,Heaven Guard,Huntsman Weapon Case,311,2,0.03,0.5,BS,4,1,12.35
XM1014,20,Heaven Guard,Huntsman Weapon Case,311,2,0.03,0.5,FN,0,0,13.83
XM1014,20,Heaven Guard,Huntsman Weapon Case,311,2,0.03,0.5,MW,1,0,8.05
XM1014,20,Heaven Guard,Huntsman Weapon Case,311,2,0.03,0.5,FT,2,0,6.9
XM1014,20,Heaven Guard,Huntsman Weapon Case,311,2,0.03,0.5,WW,3,0,6.55
XM1014,20,Heaven Guard,Huntsman Weapon Case,311,2,0.03,0.5,BS,4,0,6.39
XM1014,20,Watchdog,Operation Riptide Case,349,1,0.0,1.0,FN,0,1,27.97
XM1014,20,Watchdog,Operation Riptide Case,349,1,0.0,1.0,MW,1,1,4.6
XM1014,20,Watchdog,Operation Riptide Case,349,1,0.0,1.0,FT,2,1,2.21
XM1014,20,Watchdog,Operation Riptide Case,349,1,0.0,1.0,WW,3,1,1.2
XM1014,20,Watchdog,Operation Riptide Case,349,1,0.0,1.0,BS,4,1,1.26
XM1014,20,Watchdog,Operation Riptide Case,349,1,0.0,1.0,FN,0,0,5.0
XM1014,20,Watchdog,Operation Riptide Case,349,1,0.0,1.0,MW,1,0,1.54
XM1014,20,Watchdog,Operation Riptide Case,349,1,0.0,1.0,FT,2,0,0.94
XM1014,20,Watchdog,Operation Riptide Case,349,1,0.0,1.0,WW,3,0,0.57
XM1014,20,Watchdog,Operation Riptide Case,349,1,0.0,1.0,BS,4,0,0.5
XM1014,20,Oxide Blaze,Clutch Case,34,1,0.0,0.7,FN,0,1,0.87
XM1014,20,Oxide Blaze,Clutch Case,34,1,0.0,0.7,MW,1,1,0.28
XM1014,20,Oxide Blaze,Clutch Case,34,1,0.0,0.7,FT,2,1,0.13
XM1014,20,Oxide Blaze,Clutch Case,34,1,0.0,0.7,WW,3,1,0.18
XM1014,20,Oxide Blaze,Clutch Case,34,1,0.0,0.7,BS,4,1,0.13
XM1014,20,Oxide Blaze,Clutch Case,34,1,0.0,0.7,FN,0,0,0.2
XM1014,20,Oxide Blaze,Clutch Case,34,1,0.0,0.7,MW,1,0,0.11
XM1014,20,Oxide Blaze,Clutch Case,34,1,0.0,0.7,FT,2,0,0.07
XM1014,20,Oxide Blaze,Clutch Case,34,1,0.0,0.7,WW,3,0,0.07
XM1014,20,Oxide Blaze,Clutch Case,34,1,0.0,0.7,BS,4,0,0.07
XM1014,20,Slipstream,Gamma 2 Case,350,1,0.0,0.5,FN,0,1,1.61
XM1014,20,Slipstream,Gamma 2 Case,350,1,0.0,0.5,MW,1,1,0.77
XM1014,20,Slipstream,Gamma 2 Case,350,1,0.0,0.5,FT,2,1,0.28
XM1014,20,Slipstream,Gamma 2 Case,350,1,0.0,0.5,WW,3,1,0.4
XM1014,20,Slipstream,Gamma 2 Case,350,1,0.0,0.5,BS,4,1,0.3
XM1014,20,Slipstream,Gamma 2 Case,350,1,0.0,0.5,FN,0,0,0.28
XM1014,20,Slipstream,Gamma 2 Case,350,1,0.0,0.5,MW,1,0,0.15
XM1014,20,Slipstream,Gamma 2 Case,350,1,0.0,0.5,FT,2,0,0.09
XM1014,20,Slipstream,Gamma 2 Case,350,1,0.0,0.5,WW,3,0,0.09
XM1014,20,Slipstream,Gamma 2 Case,350,1,0.0,0.5,BS,4,0,0.09
XM1014,20,Scumbria,Shadow Case,69,1,0.0,1.0,FN,0,1,4.3
XM1014,20,Scumbria,Shadow Case,69,1,0.0,1.0,MW,1,1,1.08
XM1014,20,Scumbria,Shadow Case,69,1,0.0,1.0,FT,2,1,0.42
XM1014,20,Scumbria,Shadow Case,69,1,0.0,1.0,WW,3,1,0.32
XM1014,20,Scumbria,Shadow Case,69,1,0.0,1.0,BS,4,1,0.36
XM1014,20,Scumbria,Shadow Case,69,1,0.0,1.0,FN,0,0,0.95
XM1014,20,Scumbria,Shadow Case,69,1,0.0,1.0,MW,1,0,0.29
XM1014,20,Scumbria,Shadow Case,69,1,0.0,1.0,FT,2,0,0.14
XM1014,20,Scumbria,Shadow Case,69,1,0.0,1.0,WW,3,0,0.13
XM1014,20,Scumbria,Shadow Case,69,1,0.0,1.0,BS,4,0,0.12
XM1014,20,Quicksilver,Chroma Case,351,1,0.0,0.5,FN,0,1,1.89
XM1014,20,Quicksilver,Chroma Case,351,1,0.0,0.5,MW,1,1,0.96
XM1014,20,Quicksilver,Chroma Case,351,1,0.0,0.5,FT,2,1,0.6
XM1014,20,Quicksilver,Chroma Case,351,1,0.0,0.5,WW,3,1,1.52
XM1014,20,Quicksilver,Chroma Case,351,1,0.0,0.5,BS,4,1,0.85
XM1014,20,Quicksilver,Chroma Case,351,1,0.0,0.5,FN,0,0,0.42
XM1014,20,Quicksilver,Chroma Case,351,1,0.0,0.5,MW,1,0,0.29
XM1014,20,Quicksilver,Chroma Case,351,1,0.0,0.5,FT,2,0,0.2
XM1014,20,Quicksilver,Chroma Case,351,1,0.0,0.5,WW,3,0,0.31
XM1014,20,Quicksilver,Chroma Case,351,1,0.0,0.5,BS,4,0,0.3
XM1014,20,Red Python,eSports 2014 Summer Case,352,1,0.08,0.5,MW,1,1,3.65
XM1014,20,Red Python,eSports 2014 Summer Case,352,1,0.08,0.5,FT,2,1,1.54
XM1014,20,Red Python,eSports 2014 Summer Case,352,1,0.08,0.5,WW,3,1,1.74
XM1014,20,Red Python,eSports 2014 Summer Case,352,1,0.08,0.5,BS,4,1,2.18
XM1014,20,Red Python,eSports 2014 Summer Case,352,1,0.08,0.5,MW,1,0,2.0
XM1014,20,Red Python,eSports 2014 Summer Case,352,1,0.08,0.5,FT,2,0,2.1
XM1014,20,Red Python,eSports 2014 Summer Case,352,1,0.08,0.5,WW,3,0,1.42
XM1014,20,Red Python,eSports 2014 Summer Case,352,1,0.08,0.5,BS,4,0,1.43
M249,21,Downtown,Recoil Case,353,2,0.0,0.65,FN,0,1,4.62
M249,21,Downtown,Recoil Case,353,2,0.0,0.65,MW,1,1,2.47
M249,21,Downtown,Recoil Case,353,2,0.0,0.65,FT,2,1,1.08
M249,21,Downtown,Recoil Case,353,2,0.0,0.65,WW,3,1,0.95
M249,21,Downtown,Recoil Case,353,2,0.0,0.65,BS,4,1,0.85
M249,21,Downtown,Recoil Case,353,2,0.0,0.65,FN,0,0,1.78
M249,21,Downtown,Recoil Case,353,2,0.0,0.65,MW,1,0,0.98
M249,21,Downtown,Recoil Case,353,2,0.0,0.65,FT,2,0,0.53
M249,21,Downtown,Recoil Case,353,2,0.0,0.65,WW,3,0,0.46
M249,21,Downtown,Recoil Case,353,2,0.0,0.65,BS,4,0,0.4
M249,21,Aztec,CS20 Case,354,2,0.0,0.75,FN,0,1,4.37
M249,21,Aztec,CS20 Case,354,2,0.0,0.75,MW,1,1,2.44
M249,21,Aztec,CS20 Case,354,2,0.0,0.75,FT,2,1,1.21
M249,21,Aztec,CS20 Case,354,2,0.0,0.75,WW,3,1,1.44
M249,21,Aztec,CS20 Case,354,2,0.0,0.75,BS,4,1,0.87
M249,21,Aztec,CS20 Case,354,2,0.0,0.75,FN,0,0,1.72
M249,21,Aztec,CS20 Case,354,2,0.0,0.75,MW,1,0,1.04
M249,21,Aztec,CS20 Case,354,2,0.0,0.75,FT,2,0,0.66
M249,21,Aztec,CS20 Case,354,2,0.0,0.75,WW,3,0,0.59
M249,21,Aztec,CS20 Case,354,2,0.0,0.75,BS,4,0,0.49
M249,21,Emerald Poison Dart,Spectrum Case,355,2,0.0,0.45,FN,0,1,6.91
M249,21,Emerald Poison Dart,Spectrum Case,355,2,0.0,0.45,MW,1,1,3.7
M249,21,Emerald Poison Dart,Spectrum Case,355,2,0.0,0.45,FT,2,1,2.84
M249,21,Emerald Poison Dart,Spectrum Case,355,2,0.0,0.45,WW,3,1,2.71
M249,21,Emerald Poison Dart,Spectrum Case,355,2,0.0,0.45,FN,0,0,2.81
M249,21,Emerald Poison Dart,Spectrum Case,355,2,0.0,0.45,MW,1,0,1.73
M249,21,Emerald Poison Dart,Spectrum Case,355,2,0.0,0.45,FT,2,0,1.38
M249,21,Emerald Poison Dart,Spectrum Case,355,2,0.0,0.45,WW,3,0,2.04
M249,21,Nebula Crusader,Shadow Case,356,2,0.0,1.0,FN,0,1,12.0
M249,21,Nebula Crusader,Shadow Case,356,2,0.0,1.0,MW,1,1,5.43
M249,21,Nebula Crusader,Shadow Case,356,2,0.0,1.0,FT,2,1,3.0
M249,21,Nebula Crusader,Shadow Case,356,2,0.0,1.0,WW,3,1,2.41
M249,21,Nebula Crusader,Shadow Case,356,2,0.0,1.0,BS,4,1,2.5
M249,21,Nebula Crusader,Shadow Case,356,2,0.0,1.0,FN,0,0,4.02
M249,21,Nebula Crusader,Shadow Case,356,2,0.0,1.0,MW,1,0,2.14
M249,21,Nebula Crusader,Shadow Case,356,2,0.0,1.0,FT,2,0,1.23
M249,21,Nebula Crusader,Shadow Case,356,2,0.0,1.0,WW,3,0,1.03
M249,21,Nebula Crusader,Shadow Case,356,2,0.0,1.0,BS,4,0,0.96
M249,21,O.S.I.P.R.,Snakebite Case,357,1,0.0,0.7,FN,0,1,1.46
M249,21,O.S.I.P.R.,Snakebite Case,357,1,0.0,0.7,MW,1,1,0.57
M249,21,O.S.I.P.R.,Snakebite Case,357,1,0.0,0.7,FT,2,1,0.26
M249,21,O.S.I.P.R.,Snakebite Case,357,1,0.0,0.7,WW,3,1,0.23
M249,21,O.S.I.P.R.,Snakebite Case,357,1,0.0,0.7,BS,4,1,0.23
M249,21,O.S.I.P.R.,Snakebite Case,357,1,0.0,0.7,FN,0,0,0.41
M249,21,O.S.I.P.R.,Snakebite Case,357,1,0.0,0.7,MW,1,0,0.16
M249,21,O.S.I.P.R.,Snakebite Case,357,1,0.0,0.7,FT,2,0,0.09
M249,21,O.S.I.P.R.,Snakebite Case,357,1,0.0,0.7,WW,3,0,0.09
M249,21,O.S.I.P.R.,Snakebite Case,357,1,0.0,0.7,BS,4,0,0.09
M249,21,Deep Relief,Operation Broken Fang Case,358,1,0.0,1.0,FN,0,1,3.0
M249,21,Deep Relief,Operation Broken Fang Case,358,1,0.0,1.0,MW,1,1,1.11
M249,21,Deep Relief,Operation Broken Fang Case,358,1,0.0,1.0,FT,2,1,0.43
M249,21,Deep Relief,Operation Broken Fang Case,358,1,0.0,1.0,WW,3,1,0.35
M249,21,Deep Relief,Operation Broken Fang Case,358,1,0.0,1.0,BS,4,1,0.36
M249,21,Deep Relief,Operation Broken Fang Case,358,1,0.0,1.0,FN,0,0,0.88
M249,21,Deep Relief,Operation Broken Fang Case,358,1,0.0,1.0,MW,1,0,0.55
M249,21,Deep Relief,Operation Broken Fang Case,358,1,0.0,1.0,FT,2,0,0.55
M249,21,Deep Relief,Operation Broken Fang Case,358,1,0.0,1.0,WW,3,0,0.41
M249,21,Deep Relief,Operation Broken Fang Case,358,1,0.0,1.0,BS,4,0,0.41
M249,21,Warbird,Shattered Web Case,359,1,0.05,0.65,FN,0,1,3.49
M249,21,Warbird,Shattered Web Case,359,1,0.05,0.65,MW,1,1,2.25
M249,21,Warbird,Shattered Web Case,359,1,0.05,0.65,FT,2,1,0.74
M249,21,Warbird,Shattered Web Case,359,1,0.05,0.65,WW,3,1,0.78
M249,21,Warbird,Shattered Web Case,359,1,0.05,0.65,BS,4,1,0.75
M249,21,Warbird,Shattered Web Case,359,1,0.05,0.65,FN,0,0,1.5
M249,21,Warbird,Shattered Web Case,359,1,0.05,0.65,MW,1,0,1.09
M249,21,Warbird,Shattered Web Case,359,1,0.05,0.65,FT,2,0,1.03
M249,21,Warbird,Shattered Web Case,359,1,0.05,0.65,WW,3,0,1.46
M249,21,Warbird,Shattered Web Case,359,1,0.05,0.65,BS,4,0,1.06
M249,21,Spectre,Chroma 3 Case,360,1,0.0,0.5,FN,0,1,1.18
M249,21,Spectre,Chroma 3 Case,360,1,0.0,0.5,MW,1,1,0.4
M249,21,Spectre,Chroma 3 Case,360,1,0.0,0.5,FT,2,1,0.15
M249,21,Spectre,Chroma 3 Case,360,1,0.0,0.5,WW,3,1,0.15
M249,21,Spectre,Chroma 3 Case,360,1,0.0,0.5,BS,4,1,0.15
M249,21,Spectre,Chroma 3 Case,360,1,0.0,0.5,FN,0,0,0.26
M249,21,Spectre,Chroma 3 Case,360,1,0.0,0.5,MW,1,0,0.13
M249,21,Spectre,Chroma 3 Case,360,1,0.0,0.5,FT,2,0,0.08
M249,21,Spectre,Chroma 3 Case,360,1,0.0,0.5,WW,3,0,0.08
M249,21,Spectre,Chroma 3 Case,360,1,0.0,0.5,BS,4,0,0.08
M249,21,System Lock,Chroma Case,361,1,0.0,0.8,FN,0,1,1.62
M249,21,System Lock,Chroma Case,361,1,0.0,0.8,MW,1,1,0.82
M249,21,System Lock,Chroma Case,361,1,0.0,0.8,FT,2,1,0.5
M249,21,System Lock,Chroma Case,361,1,0.0,0.8,WW,3,1,0.38
M249,21,System Lock,Chroma Case,361,1,0.0,0.8,BS,4,1,0.3
M249,21,System Lock,Chroma Case,361,1,0.0,0.8,FN,0,0,0.47
M249,21,System Lock,Chroma Case,361,1,0.0,0.8,MW,1,0,0.28
M249,21,System Lock,Chroma Case,361,1,0.0,0.8,FT,2,0,0.18
M249,21,System Lock,Chroma Case,361,1,0.0,0.8,WW,3,0,0.18
M249,21,System Lock,Chroma Case,361,1,0.0,0.8,BS,4,0,0.15
M249,21,Magma,Winter Offensive Weapon Case,362,1,0.0,0.7,FN,0,1,2.47
M249,21,Magma,Winter Offensive Weapon Case,362,1,0.0,0.7,MW,1,1,1.89
M249,21,Magma,Winter Offensive Weapon Case,362,1,0.0,0.7,FT,2,1,1.64
M249,21,Magma,Winter Offensive Weapon Case,362,1,0.0,0.7,WW,3,1,1.49
M249,21,Magma,Winter Offensive Weapon Case,362,1,0.0,0.7,BS,4,1,1.29
M249,21,Magma,Winter Offensive Weapon Case,362,1,0.0,0.7,FN,0,0,1.26
M249,21,Magma,Winter Offensive Weapon Case,362,1,0.0,0.7,MW,1,0,0.96
M249,21,Magma,Winter Offensive Weapon Case,362,1,0.0,0.7,FT,2,0,0.93
M249,21,Magma,Winter Offensive Weapon Case,362,1,0.0,0.7,WW,3,0,1.23
M249,21,Magma,Winter Offensive Weapon Case,362,1,0.0,0.7,BS,4,0,0.86
Negev,22,dev_texture,Snakebite Case,363,2,0.0,0.65,FN,0,1,3.34
Negev,22,dev_texture,Snakebite Case,363,2,0.0,0.65,MW,1,1,1.27
Negev,22,dev_texture,Snakebite Case,363,2,0.0,0.65,FT,2,1,0.43
Negev,22,dev_texture,Snakebite Case,363,2,0.0,0.65,WW,3,1,0.48
Negev,22,dev_texture,Snakebite Case,363,2,0.0,0.65,BS,4,1,0.46
Negev,22,dev_texture,Snakebite Case,363,2,0.0,0.65,FN,0,0,1.34
Negev,22,dev_texture,Snakebite Case,363,2,0.0,0.65,MW,1,0,0.55
Negev,22,dev_texture,Snakebite Case,363,2,0.0,0.65,FT,2,0,0.23
Negev,22,dev_texture,Snakebite Case,363,2,0.0,0.65,WW,3,0,0.25
Negev,22,dev_texture,Snakebite Case,363,2,0.0,0.65,BS,4,0,0.25
Negev,22,Lionfish,Clutch Case,364,2,0.0,0.55,FN,0,1,3.65
Negev,22,Lionfish,Clutch Case,364,2,0.0,0.55,MW,1,1,1.26
Negev,22,Lionfish,Clutch Case,364,2,0.0,0.55,FT,2,1,0.63
Negev,22,Lionfish,Clutch Case,364,2,0.0,0.55,WW,3,1,0.54
Negev,22,Lionfish,Clutch Case,364,2,0.0,0.55,BS,4,1,0.62
Negev,22,Lionfish,Clutch Case,364,2,0.0,0.55,FN,0,0,1.26
Negev,22,Lionfish,Clutch Case,364,2,0.0,0.55,MW,1,0,0.57
Negev,22,Lionfish,Clutch Case,364,2,0.0,0.55,FT,2,0,0.29
Negev,22,Lionfish,Clutch Case,364,2,0.0,0.55,WW,3,0,0.27
Negev,22,Lionfish,Clutch Case,364,2,0.0,0.55,BS,4,0,0.28
Negev,22,Power Loader,Revolver Case,365,2,0.0,1.0,FN,0,1,28.63
Negev,22,Power Loader,Revolver Case,365,2,0.0,1.0,MW,1,1,10.31
Negev,22,Power Loader,Revolver Case,365,2,0.0,1.0,FT,2,1,3.88
Negev,22,Power Loader,Revolver Case,365,2,0.0,1.0,WW,3,1,2.61
Negev,22,Power Loader,Revolver Case,365,2,0.0,1.0,BS,4,1,1.73
Negev,22,Power Loader,Revolver Case,365,2,0.0,1.0,FN,0,0,5.94
Negev,22,Power Loader,Revolver Case,365,2,0.0,1.0,MW,1,0,2.35
Negev,22,Power Loader,Revolver Case,365,2,0.0,1.0,FT,2,0,1.03
Negev,22,Power Loader,Revolver Case,365,2,0.0,1.0,WW,3,0,0.61
Negev,22,Power Loader,Revolver Case,365,2,0.0,1.0,BS,4,0,0.65
Negev,22,Loudmouth,Falchion Case,366,2,0.14,0.65,MW,1,1,30.63
Negev,22,Loudmouth,Falchion Case,366,2,0.14,0.65,FT,2,1,1.44
Negev,22,Loudmouth,Falchion Case,366,2,0.14,0.65,WW,3,1,1.89
Negev,22,Loudmouth,Falchion Case,366,2,0.14,0.65,BS,4,1,1.22
Negev,22,Loudmouth,Falchion Case,366,2,0.14,0.65,MW,1,0,5.47
Negev,22,Loudmouth,Falchion Case,366,2,0.14,0.65,FT,2,0,0.69
Negev,22,Loudmouth,Falchion Case,366,2,0.14,0.65,WW,3,0,0.6
Negev,22,Loudmouth,Falchion Case,366,2,0.14,0.65,BS,4,0,0.66
Negev,22,Drop Me,Recoil Case,367,1,0.0,1.0,FN,0,1,1.09
Negev,22,Drop Me,Recoil Case,367,1,0.0,1.0,MW,1,1,0.29
Negev,22,Drop Me,Recoil Case,367,1,0.0,1.0,FT,2,1,0.14
Negev,22,Drop Me,Recoil Case,367,1,0.0,1.0,WW,3,1,0.11
Negev,22,Drop Me,Recoil Case,367,1,0.0,1.0,BS,4,1,0.11
Negev,22,Drop Me,Recoil Case,367,1,0.0,1.0,FN,0,0,0.25
Negev,22,Drop Me,Recoil Case,367,1,0.0,1.0,MW,1,0,0.12
Negev,22,Drop Me,Recoil Case,367,1,0.0,1.0,FT,2,0,0.07
Negev,22,Drop Me,Recoil Case,367,1,0.0,1.0,WW,3,0,0.07
Negev,22,Drop Me,Recoil Case,367,1,0.0,1.0,BS,4,0,0.07
Negev,22,Ultralight,Fracture Case,368,1,0.0,0.79,FN,0,1,0.85
Negev,22,Ultralight,Fracture Case,368,1,0.0,0.79,MW,1,1,0.25
Negev,22,Ultralight,Fracture Case,368,1,0.0,0.79,FT,2,1,0.12
Negev,22,Ultralight,Fracture Case,368,1,0.0,0.79,WW,3,1,0.11
Negev,22,Ultralight,Fracture Case,368,1,0.0,0.79,BS,4,1,0.11
Negev,22,Ultralight,Fracture Case,368,1,0.0,0.79,FN,0,0,0.2
Negev,22,Ultralight,Fracture Case,368,1,0.0,0.79,MW,1,0,0.11
Negev,22,Ultralight,Fracture Case,368,1,0.0,0.79,FT,2,0,0.07
Negev,22,Ultralight,Fracture Case,368,1,0.0,0.79,WW,3,0,0.07
Negev,22,Ultralight,Fracture Case,368,1,0.0,0.79,BS,4,0,0.07
Negev,22,Prototype,Prisma 2 Case,369,1,0.0,0.7,FN,0,1,1.07
Negev,22,Prototype,Prisma 2 Case,369,1,0.0,0.7,MW,1,1,0.34
Negev,22,Prototype,Prisma 2 Case,369,1,0.0,0.7,FT,2,1,0.12
Negev,22,Prototype,Prisma 2 Case,369,1,0.0,0.7,WW,3,1,0.19
Negev,22,Prototype,Prisma 2 Case,369,1,0.0,0.7,BS,4,1,0.12
Negev,22,Prototype,Prisma 2 Case,369,1,0.0,0.7,FN,0,0,0.23
Negev,22,Prototype,Prisma 2 Case,369,1,0.0,0.7,MW,1,0,0.12
Negev,22,Prototype,Prisma 2 Case,369,1,0.0,0.7,FT,2,0,0.07
Negev,22,Prototype,Prisma 2 Case,369,1,0.0,0.7,WW,3,0,0.07
Negev,22,Prototype,Prisma 2 Case,369,1,0.0,0.7,BS,4,0,0.07
Negev,22,Dazzle,Gamma 2 Case,370,1,0.1,0.65,MW,1,1,1.3
Negev,22,Dazzle,Gamma 2 Case,370,1,0.1,0.65,FT,2,1,0.12
Negev,22,Dazzle,Gamma 2 Case,370,1,0.1,0.65,WW,3,1,0.31
Negev,22,Dazzle,Gamma 2 Case,370,1,0.1,0.65,BS,4,1,0.11
Negev,22,Dazzle,Gamma 2 Case,370,1,0.1,0.65,MW,1,0,0.3
Negev,22,Dazzle,Gamma 2 Case,370,1,0.1,0.65,FT,2,0,0.09
Negev,22,Dazzle,Gamma 2 Case,370,1,0.1,0.65,WW,3,0,0.09
Negev,22,Dazzle,Gamma 2 Case,370,1,0.1,0.65,BS,4,0,0.08
Negev,22,Man-o'-war,Chroma 2 Case,371,1,0.1,0.2,MW,1,1,0.46
Negev,22,Man-o'-war,Chroma 2 Case,371,1,0.1,0.2,FT,2,1,0.31
Negev,22,Man-o'-war,Chroma 2 Case,371,1,0.1,0.2,MW,1,0,0.12
Negev,22,Man-o'-war,Chroma 2 Case,371,1,0.1,0.2,FT,2,0,0.11
Negev,22,Bratatat,eSports 2014 Summer Case,372,1,0.0,1.0,FN,0,1,29.59
Negev,22,Bratatat,eSports 2014 Summer Case,372,1,0.0,1.0,MW,1,1,4.6
Negev,22,Bratatat,eSports 2014 Summer Case,372,1,0.0,1.0,FT,2,1,1.99
Negev,22,Bratatat,eSports 2014 Summer Case,372,1,0.0,1.0,WW,3,1,1.44
Negev,22,Bratatat,eSports 2014 Summer Case,372,1,0.0,1.0,BS,4,1,1.27
Negev,22,Bratatat,eSports 2014 Summer Case,372,1,0.0,1.0,FN,0,0,8.24
Negev,22,Bratatat,eSports 2014 Summer Case,372,1,0.0,1.0,MW,1,0,2.07
Negev,22,Bratatat,eSports 2014 Summer Case,372,1,0.0,1.0,FT,2,0,2.08
Negev,22,Bratatat,eSports 2014 Summer Case,372,1,0.0,1.0,WW,3,0,1.17
Negev,22,Bratatat,eSports 2014 Summer Case,372,1,0.0,1.0,BS,4,0,1.31
Negev,22,Desert-Strike,Operation Breakout Weapon Case,373,1,0.0,0.5,FN,0,1,0.83
Negev,22,Desert-Strike,Operation Breakout Weapon Case,373,1,0.0,0.5,MW,1,1,0.52
Negev,22,Desert-Strike,Operation Breakout Weapon Case,373,1,0.0,0.5,FT,2,1,0.26
Negev,22,Desert-Strike,Operation Breakout Weapon Case,373,1,0.0,0.5,WW,3,1,0.28
Negev,22,Desert-Strike,Operation Breakout Weapon Case,373,1,0.0,0.5,BS,4,1,0.25
Negev,22,Desert-Strike,Operation Breakout Weapon Case,373,1,0.0,0.5,FN,0,0,0.23
Negev,22,Desert-Strike,Operation Breakout Weapon Case,373,1,0.0,0.5,MW,1,0,0.14
Negev,22,Desert-Strike,Operation Breakout Weapon Case,373,1,0.0,0.5,FT,2,0,0.09
Negev,22,Desert-Strike,Operation Breakout Weapon Case,373,1,0.0,0.5,WW,3,0,0.17
Negev,22,Desert-Strike,Operation Breakout Weapon Case,373,1,0.0,0.5,BS,4,0,0.08
Negev,22,Terrain,Operation Phoenix Weapon Case,374,1,0.0,0.45,FN,0,1,1.26
Negev,22,Terrain,Operation Phoenix Weapon Case,374,1,0.0,0.45,MW,1,1,0.8
Negev,22,Terrain,Operation Phoenix Weapon Case,374,1,0.0,0.45,FT,2,1,0.46
Negev,22,Terrain,Operation Phoenix Weapon Case,374,1,0.0,0.45,WW,3,1,0.86
Negev,22,Terrain,Operation Phoenix Weapon Case,374,1,0.0,0.45,FN,0,0,0.46
Negev,22,Terrain,Operation Phoenix Weapon Case,374,1,0.0,0.45,MW,1,0,0.34
Negev,22,Terrain,Operation Phoenix Weapon Case,374,1,0.0,0.45,FT,2,0,0.25
Negev,22,Terrain,Operation Phoenix Weapon Case,374,1,0.0,0.45,WW,3,0,0.25
AK-47,23,Head Shot,Revolution Case,375,4,0.0,1.0,FN,0,1,297.89
AK-47,23,Head Shot,Revolution Case,375,4,0.0,1.0,MW,1,1,98.29
AK-47,23,Head Shot,Revolution Case,375,4,0.0,1.0,FT,2,1,48.82
AK-47,23,Head Shot,Revolution Case,375,4,0.0,1.0,WW,3,1,32.16
AK-47,23,Head Shot,Revolution Case,375,4,0.0,1.0,BS,4,1,29.5
AK-47,23,Head Shot,Revolution Case,375,4,0.0,1.0,FN,0,0,88.98
AK-47,23,Head Shot,Revolution Case,375,4,0.0,1.0,MW,1,0,38.88
AK-47,23,Head Shot,Revolution Case,375,4,0.0,1.0,FT,2,0,18.51
AK-47,23,Head Shot,Revolution Case,375,4,0.0,1.0,WW,3,0,11.57
AK-47,23,Head Shot,Revolution Case,375,4,0.0,1.0,BS,4,0,9.17
AK-47,23,Nightwish,Dreams & Nightmares Case,376,4,0.0,1.0,FN,0,1,235.0
AK-47,23,Nightwish,Dreams & Nightmares Case,376,4,0.0,1.0,MW,1,1,73.42
AK-47,23,Nightwish,Dreams & Nightmares Case,376,4,0.0,1.0,FT,2,1,32.72
AK-47,23,Nightwish,Dreams & Nightmares Case,376,4,0.0,1.0,WW,3,1,23.35
AK-47,23,Nightwish,Dreams & Nightmares Case,376,4,0.0,1.0,BS,4,1,17.79
AK-47,23,Nightwish,Dreams & Nightmares Case,376,4,0.0,1.0,FN,0,0,86.07
AK-47,23,Nightwish,Dreams & Nightmares Case,376,4,0.0,1.0,MW,1,0,27.75
AK-47,23,Nightwish,Dreams & Nightmares Case,376,4,0.0,1.0,FT,2,0,12.12
AK-47,23,Nightwish,Dreams & Nightmares Case,376,4,0.0,1.0,WW,3,0,8.94
AK-47,23,Nightwish,Dreams & Nightmares Case,376,4,0.0,1.0,BS,4,0,6.55
AK-47,23,Leet Museo,Operation Riptide Case,377,4,0.0,0.65,FN,0,1,214.86
AK-47,23,Leet Museo,Operation Riptide Case,377,4,0.0,0.65,MW,1,1,109.87
AK-47,23,Leet Museo,Operation Riptide Case,377,4,0.0,0.65,FT,2,1,59.8
AK-47,23,Leet Museo,Operation Riptide Case,377,4,0.0,0.65,WW,3,1,77.94
AK-47,23,Leet Museo,Operation Riptide Case,377,4,0.0,0.65,BS,4,1,56.51
AK-47,23,Leet Museo,Operation Riptide Case,377,4,0.0,0.65,FN,0,0,59.84
AK-47,23,Leet Museo,Operation Riptide Case,377,4,0.0,0.65,MW,1,0,29.09
AK-47,23,Leet Museo,Operation Riptide Case,377,4,0.0,0.65,FT,2,0,17.75
AK-47,23,Leet Museo,Operation Riptide Case,377,4,0.0,0.65,WW,3,0,20.53
AK-47,23,Leet Museo,Operation Riptide Case,377,4,0.0,0.65,BS,4,0,18.0
AK-47,23,Legion of Anubis,Fracture Case,378,4,0.0,0.7,FN,0,1,73.27
AK-47,23,Legion of Anubis,Fracture Case,378,4,0.0,0.7,MW,1,1,41.46
AK-47,23,Legion of Anubis,Fracture Case,378,4,0.0,0.7,FT,2,1,23.0
AK-47,23,Legion of Anubis,Fracture Case,378,4,0.0,0.7,WW,3,1,31.77
AK-47,23,Legion of Anubis,Fracture Case,378,4,0.0,0.7,BS,4,1,16.86
AK-47,23,Legion of Anubis,Fracture Case,378,4,0.0,0.7,FN,0,0,21.0
AK-47,23,Legion of Anubis,Fracture Case,378,4,0.0,0.7,MW,1,0,11.79
AK-47,23,Legion of Anubis,Fracture Case,378,4,0.0,0.7,FT,2,0,7.66
AK-47,23,Legion of Anubis,Fracture Case,378,4,0.0,0.7,WW,3,0,8.48
AK-47,23,Legion of Anubis,Fracture Case,378,4,0.0,0.7,BS,4,0,6.23
AK-47,23,Asiimov,Danger Zone Case,116,4,0.05,0.7,FN,0,1,699.26
AK-47,23,Asiimov,Danger Zone Case,116,4,0.05,0.7,MW,1,1,129.0
AK-47,23,Asiimov,Danger Zone Case,116,4,0.05,0.7,FT,2,1,59.03
AK-47,23,Asiimov,Danger Zone Case,116,4,0.05,0.7,WW,3,1,82.14
AK-47,23,Asiimov,Danger Zone Case,116,4,0.05,0.7,BS,4,1,51.75
AK-47,23,Asiimov,Danger Zone Case,116,4,0.05,0.7,FN,0,0,240.18
AK-47,23,Asiimov,Danger Zone Case,116,4,0.05,0.7,MW,1,0,51.75
AK-47,23,Asiimov,Danger Zone Case,116,4,0.05,0.7,FT,2,0,28.93
AK-47,23,Asiimov,Danger Zone Case,116,4,0.05,0.7,WW,3,0,28.06
AK-47,23,Asiimov,Danger Zone Case,116,4,0.05,0.7,BS,4,0,22.27
AK-47,23,Neon Rider,Horizon Case,185,4,0.0,0.8,FN,0,1,413.42
AK-47,23,Neon Rider,Horizon Case,185,4,0.0,0.8,MW,1,1,180.45
AK-47,23,Neon Rider,Horizon Case,185,4,0.0,0.8,FT,2,1,80.0
AK-47,23,Neon Rider,Horizon Case,185,4,0.0,0.8,WW,3,1,100.74
AK-47,23,Neon Rider,Horizon Case,185,4,0.0,0.8,BS,4,1,57.88
AK-47,23,Neon Rider,Horizon Case,185,4,0.0,0.8,FN,0,0,152.0
AK-47,23,Neon Rider,Horizon Case,185,4,0.0,0.8,MW,1,0,69.93
AK-47,23,Neon Rider,Horizon Case,185,4,0.0,0.8,FT,2,0,35.2
AK-47,23,Neon Rider,Horizon Case,185,4,0.0,0.8,WW,3,0,33.86
AK-47,23,Neon Rider,Horizon Case,185,4,0.0,0.8,BS,4,0,26.42
AK-47,23,The Empress,Spectrum 2 Case,379,4,0.0,1.0,FN,0,1,491.69
AK-47,23,The Empress,Spectrum 2 Case,379,4,0.0,1.0,MW,1,1,180.56
AK-47,23,The Empress,Spectrum 2 Case,379,4,0.0,1.0,FT,2,1,95.19
AK-47,23,The Empress,Spectrum 2 Case,379,4,0.0,1.0,WW,3,1,73.39
AK-47,23,The Empress,Spectrum 2 Case,379,4,0.0,1.0,BS,4,1,64.44
AK-47,23,The Empress,Spectrum 2 Case,379,4,0.0,1.0,FN,0,0,149.57
AK-47,23,The Empress,Spectrum 2 Case,379,4,0.0,1.0,MW,1,0,55.68
AK-47,23,The Empress,Spectrum 2 Case,379,4,0.0,1.0,FT,2,0,33.71
AK-47,23,The Empress,Spectrum 2 Case,379,4,0.0,1.0,WW,3,0,26.42
AK-47,23,The Empress,Spectrum 2 Case,379,4,0.0,1.0,BS,4,0,23.61
AK-47,23,Bloodsport,Spectrum Case,216,4,0.0,0.45,FN,0,1,358.94
AK-47,23,Bloodsport,Spectrum Case,216,4,0.0,0.45,MW,1,1,244.5
AK-47,23,Bloodsport,Spectrum Case,216,4,0.0,0.45,FT,2,1,201.51
AK-47,23,Bloodsport,Spectrum Case,216,4,0.0,0.45,WW,3,1,230.0
AK-47,23,Bloodsport,Spectrum Case,216,4,0.0,0.45,FN,0,0,148.24
AK-47,23,Bloodsport,Spectrum Case,216,4,0.0,0.45,MW,1,0,114.67
AK-47,23,Bloodsport,Spectrum Case,216,4,0.0,0.45,FT,2,0,99.74
AK-47,23,Bloodsport,Spectrum Case,216,4,0.0,0.45,WW,3,0,98.38
AK-47,23,Neon Revolution,Gamma 2 Case,380,4,0.0,0.8,FN,0,1,202.72
AK-47,23,Neon Revolution,Gamma 2 Case,380,4,0.0,0.8,MW,1,1,74.15
AK-47,23,Neon Revolution,Gamma 2 Case,380,4,0.0,0.8,FT,2,1,42.9
AK-47,23,Neon Revolution,Gamma 2 Case,380,4,0.0,0.8,WW,3,1,60.0
AK-47,23,Neon Revolution,Gamma 2 Case,380,4,0.0,0.8,BS,4,1,38.93
AK-47,23,Neon Revolution,Gamma 2 Case,380,4,0.0,0.8,FN,0,0,62.8
AK-47,23,Neon Revolution,Gamma 2 Case,380,4,0.0,0.8,MW,1,0,26.98
AK-47,23,Neon Revolution,Gamma 2 Case,380,4,0.0,0.8,FT,2,0,15.35
AK-47,23,Neon Revolution,Gamma 2 Case,380,4,0.0,0.8,WW,3,0,20.93
AK-47,23,Neon Revolution,Gamma 2 Case,380,4,0.0,0.8,BS,4,0,14.49
AK-47,23,Fuel Injector,Operation Wildfire Case,148,4,0.0,1.0,FN,0,1,1168.4
AK-47,23,Fuel Injector,Operation Wildfire Case,148,4,0.0,1.0,MW,1,1,650.0
AK-47,23,Fuel Injector,Operation Wildfire Case,148,4,0.0,1.0,FT,2,1,371.27
AK-47,23,Fuel Injector,Operation Wildfire Case,148,4,0.0,1.0,WW,3,1,250.67
AK-47,23,Fuel Injector,Operation Wildfire Case,148,4,0.0,1.0,BS,4,1,208.08
AK-47,23,Fuel Injector,Operation Wildfire Case,148,4,0.0,1.0,FN,0,0,581.35
AK-47,23,Fuel Injector,Operation Wildfire Case,148,4,0.0,1.0,MW,1,0,260.68
AK-47,23,Fuel Injector,Operation Wildfire Case,148,4,0.0,1.0,FT,2,0,178.2
AK-47,23,Fuel Injector,Operation Wildfire Case,148,4,0.0,1.0,WW,3,0,132.71
AK-47,23,Fuel Injector,Operation Wildfire Case,148,4,0.0,1.0,BS,4,0,102.92
AK-47,23,Aquamarine Revenge,Falchion Case,381,4,0.0,1.0,FN,0,1,301.18
AK-47,23,Aquamarine Revenge,Falchion Case,381,4,0.0,1.0,MW,1,1,179.99
AK-47,23,Aquamarine Revenge,Falchion Case,381,4,0.0,1.0,FT,2,1,87.91
AK-47,23,Aquamarine Revenge,Falchion Case,381,4,0.0,1.0,WW,3,1,60.07
AK-47,23,Aquamarine Revenge,Falchion Case,381,4,0.0,1.0,BS,4,1,48.0
AK-47,23,Aquamarine Revenge,Falchion Case,381,4,0.0,1.0,FN,0,0,97.8
AK-47,23,Aquamarine Revenge,Falchion Case,381,4,0.0,1.0,MW,1,0,58.04
AK-47,23,Aquamarine Revenge,Falchion Case,381,4,0.0,1.0,FT,2,0,31.97
AK-47,23,Aquamarine Revenge,Falchion Case,381,4,0.0,1.0,WW,3,0,21.12
AK-47,23,Aquamarine Revenge,Falchion Case,381,4,0.0,1.0,BS,4,0,20.31
AK-47,23,Wasteland Rebel,Operation Vanguard Weapon Case,76,4,0.05,0.7,MW,1,1,200.14
AK-47,23,Wasteland Rebel,Operation Vanguard Weapon Case,76,4,0.05,0.7,FT,2,1,99.77
AK-47,23,Wasteland Rebel,Operation Vanguard Weapon Case,76,4,0.05,0.7,WW,3,1,136.9
AK-47,23,Wasteland Rebel,Operation Vanguard Weapon Case,76,4,0.05,0.7,BS,4,1,103.08
AK-47,23,Wasteland Rebel,Operation Vanguard Weapon Case,76,4,0.05,0.7,FN,0,0,290.78
AK-47,23,Wasteland Rebel,Operation Vanguard Weapon Case,76,4,0.05,0.7,MW,1,0,44.97
AK-47,23,Wasteland Rebel,Operation Vanguard Weapon Case,76,4,0.05,0.7,FT,2,0,26.39
AK-47,23,Wasteland Rebel,Operation Vanguard Weapon Case,76,4,0.05,0.7,WW,3,0,40.66
AK-47,23,Wasteland Rebel,Operation Vanguard Weapon Case,76,4,0.05,0.7,BS,4,0,26.42
AK-47,23,Jaguar,eSports 2014 Summer Case,382,4,0.0,1.0,FN,0,1,699.0
AK-47,23,Jaguar,eSports 2014 Summer Case,382,4,0.0,1.0,MW,1,1,259.99
AK-47,23,Jaguar,eSports 2014 Summer Case,382,4,0.0,1.0,FT,2,1,140.89
AK-47,23,Jaguar,eSports 2014 Summer Case,382,4,0.0,1.0,WW,3,1,112.96
AK-47,23,Jaguar,eSports 2014 Summer Case,382,4,0.0,1.0,BS,4,1,110.0
AK-47,23,Jaguar,eSports 2014 Summer Case,382,4,0.0,1.0,FN,0,0,235.47
AK-47,23,Jaguar,eSports 2014 Summer Case,382,4,0.0,1.0,MW,1,0,60.4
AK-47,23,Jaguar,eSports 2014 Summer Case,382,4,0.0,1.0,FT,2,0,37.26
AK-47,23,Jaguar,eSports 2014 Summer Case,382,4,0.0,1.0,WW,3,0,31.4
AK-47,23,Jaguar,eSports 2014 Summer Case,382,4,0.0,1.0,BS,4,0,31.83
AK-47,23,Vulcan,Huntsman Weapon Case,383,4,0.0,0.9,MW,1,1,964.98
AK-47,23,Vulcan,Huntsman Weapon Case,383,4,0.0,0.9,FT,2,1,437.0
AK-47,23,Vulcan,Huntsman Weapon Case,383,4,0.0,0.9,WW,3,1,284.6
AK-47,23,Vulcan,Huntsman Weapon Case,383,4,0.0,0.9,BS,4,1,201.87
AK-47,23,Vulcan,Huntsman Weapon Case,383,4,0.0,0.9,FN,0,0,1000.0
AK-47,23,Vulcan,Huntsman Weapon Case,383,4,0.0,0.9,MW,1,0,562.93
AK-47,23,Vulcan,Huntsman Weapon Case,383,4,0.0,0.9,FT,2,0,267.67
AK-47,23,Vulcan,Huntsman Weapon Case,383,4,0.0,0.9,WW,3,0,158.76
AK-47,23,Vulcan,Huntsman Weapon Case,383,4,0.0,0.9,BS,4,0,95.82
AK-47,23,Fire Serpent,Operation Bravo Case,384,4,0.06,0.76,MW,1,0,1807.04
AK-47,23,Fire Serpent,Operation Bravo Case,384,4,0.06,0.76,FT,2,0,1067.79
AK-47,23,Fire Serpent,Operation Bravo Case,384,4,0.06,0.76,BS,4,0,652.05
AK-47,23,Ice Coaled,Recoil Case,385,3,0.0,0.77,FN,0,1,66.37
AK-47,23,Ice Coaled,Recoil Case,385,3,0.0,0.77,MW,1,1,29.99
AK-47,23,Ice Coaled,Recoil Case,385,3,0.0,0.77,FT,2,1,15.71
AK-47,23,Ice Coaled,Recoil Case,385,3,0.0,0.77,WW,3,1,16.0
AK-47,23,Ice Coaled,Recoil Case,385,3,0.0,0.77,BS,4,1,13.31
AK-47,23,Ice Coaled,Recoil Case,385,3,0.0,0.77,FN,0,0,21.9
AK-47,23,Ice Coaled,Recoil Case,385,3,0.0,0.77,MW,1,0,12.77
AK-47,23,Ice Coaled,Recoil Case,385,3,0.0,0.77,FT,2,0,7.27
AK-47,23,Ice Coaled,Recoil Case,385,3,0.0,0.77,WW,3,0,6.87
AK-47,23,Ice Coaled,Recoil Case,385,3,0.0,0.77,BS,4,0,5.29
AK-47,23,Phantom Disruptor,Prisma 2 Case,386,3,0.0,0.65,FN,0,1,40.54
AK-47,23,Phantom Disruptor,Prisma 2 Case,386,3,0.0,0.65,MW,1,1,19.2
AK-47,23,Phantom Disruptor,Prisma 2 Case,386,3,0.0,0.65,FT,2,1,11.5
AK-47,23,Phantom Disruptor,Prisma 2 Case,386,3,0.0,0.65,WW,3,1,14.75
AK-47,23,Phantom Disruptor,Prisma 2 Case,386,3,0.0,0.65,BS,4,1,10.95
AK-47,23,Phantom Disruptor,Prisma 2 Case,386,3,0.0,0.65,FN,0,0,10.97
AK-47,23,Phantom Disruptor,Prisma 2 Case,386,3,0.0,0.65,MW,1,0,6.48
AK-47,23,Phantom Disruptor,Prisma 2 Case,386,3,0.0,0.65,FT,2,0,4.06
AK-47,23,Phantom Disruptor,Prisma 2 Case,386,3,0.0,0.65,WW,3,0,5.08
AK-47,23,Phantom Disruptor,Prisma 2 Case,386,3,0.0,0.65,BS,4,0,3.94
AK-47,23,Point Disarray,Revolver Case,387,3,0.0,0.67,FN,0,1,95.29
AK-47,23,Point Disarray,Revolver Case,387,3,0.0,0.67,MW,1,1,43.04
AK-47,23,Point Disarray,Revolver Case,387,3,0.0,0.67,FT,2,1,27.41
AK-47,23,Point Disarray,Revolver Case,387,3,0.0,0.67,WW,3,1,33.62
AK-47,23,Point Disarray,Revolver Case,387,3,0.0,0.67,BS,4,1,30.59
AK-47,23,Point Disarray,Revolver Case,387,3,0.0,0.67,FN,0,0,27.57
AK-47,23,Point Disarray,Revolver Case,387,3,0.0,0.67,MW,1,0,15.08
AK-47,23,Point Disarray,Revolver Case,387,3,0.0,0.67,FT,2,0,9.4
AK-47,23,Point Disarray,Revolver Case,387,3,0.0,0.67,WW,3,0,11.66
AK-47,23,Point Disarray,Revolver Case,387,3,0.0,0.67,BS,4,0,8.7
AK-47,23,Frontside Misty,Shadow Case,388,3,0.02,0.87,FN,0,1,207.01
AK-47,23,Frontside Misty,Shadow Case,388,3,0.02,0.87,MW,1,1,68.81
AK-47,23,Frontside Misty,Shadow Case,388,3,0.02,0.87,FT,2,1,32.43
AK-47,23,Frontside Misty,Shadow Case,388,3,0.02,0.87,WW,3,1,33.67
AK-47,23,Frontside Misty,Shadow Case,388,3,0.02,0.87,BS,4,1,27.3
AK-47,23,Frontside Misty,Shadow Case,388,3,0.02,0.87,FN,0,0,65.0
AK-47,23,Frontside Misty,Shadow Case,388,3,0.02,0.87,MW,1,0,25.0
AK-47,23,Frontside Misty,Shadow Case,388,3,0.02,0.87,FT,2,0,12.69
AK-47,23,Frontside Misty,Shadow Case,388,3,0.02,0.87,WW,3,0,11.45
AK-47,23,Frontside Misty,Shadow Case,388,3,0.02,0.87,BS,4,0,9.82
AK-47,23,Cartel,Chroma Case,50,3,0.0,0.75,FN,0,1,78.09
AK-47,23,Cartel,Chroma Case,50,3,0.0,0.75,MW,1,1,45.4
AK-47,23,Cartel,Chroma Case,50,3,0.0,0.75,FT,2,1,29.22
AK-47,23,Cartel,Chroma Case,50,3,0.0,0.75,WW,3,1,45.7
AK-47,23,Cartel,Chroma Case,50,3,0.0,0.75,BS,4,1,29.99
AK-47,23,Cartel,Chroma Case,50,3,0.0,0.75,FN,0,0,23.48
AK-47,23,Cartel,Chroma Case,50,3,0.0,0.75,MW,1,0,12.0
AK-47,23,Cartel,Chroma Case,50,3,0.0,0.75,FT,2,0,8.2
AK-47,23,Cartel,Chroma Case,50,3,0.0,0.75,WW,3,0,12.34
AK-47,23,Cartel,Chroma Case,50,3,0.0,0.75,BS,4,0,7.97
AK-47,23,Redline,Operation Phoenix Weapon Case,389,3,0.1,0.7,MW,1,1,268.31
AK-47,23,Redline,Operation Phoenix Weapon Case,389,3,0.1,0.7,FT,2,1,46.0
AK-47,23,Redline,Operation Phoenix Weapon Case,389,3,0.1,0.7,WW,3,1,40.29
AK-47,23,Redline,Operation Phoenix Weapon Case,389,3,0.1,0.7,BS,4,1,27.57
AK-47,23,Redline,Operation Phoenix Weapon Case,389,3,0.1,0.7,MW,1,0,89.21
AK-47,23,Redline,Operation Phoenix Weapon Case,389,3,0.1,0.7,FT,2,0,17.87
AK-47,23,Redline,Operation Phoenix Weapon Case,389,3,0.1,0.7,WW,3,0,14.5
AK-47,23,Redline,Operation Phoenix Weapon Case,389,3,0.1,0.7,BS,4,0,13.65
AK-47,23,Case Hardened,CS:GO Weapon Case,65,3,0.0,1.0,FN,0,1,1478.49
AK-47,23,Case Hardened,CS:GO Weapon Case,65,3,0.0,1.0,MW,1,1,752.3
AK-47,23,Case Hardened,CS:GO Weapon Case,65,3,0.0,1.0,FT,2,1,629.71
AK-47,23,Case Hardened,CS:GO Weapon Case,65,3,0.0,1.0,WW,3,1,570.63
AK-47,23,Case Hardened,CS:GO Weapon Case,65,3,0.0,1.0,BS,4,1,460.0
AK-47,23,Case Hardened,CS:GO Weapon Case,65,3,0.0,1.0,FN,0,0,489.49
AK-47,23,Case Hardened,CS:GO Weapon Case,65,3,0.0,1.0,MW,1,0,327.66
AK-47,23,Case Hardened,CS:GO Weapon Case,65,3,0.0,1.0,FT,2,0,284.75
AK-47,23,Case Hardened,CS:GO Weapon Case,65,3,0.0,1.0,WW,3,0,239.29
AK-47,23,Case Hardened,CS:GO Weapon Case,65,3,0.0,1.0,BS,4,0,217.81
AK-47,23,Red Laminate,eSports 2013 Case,390,3,0.06,0.8,MW,1,1,312.13
AK-47,23,Red Laminate,eSports 2013 Case,390,3,0.06,0.8,FT,2,1,169.08
AK-47,23,Red Laminate,eSports 2013 Case,390,3,0.06,0.8,WW,3,1,162.08
AK-47,23,Red Laminate,eSports 2013 Case,390,3,0.06,0.8,BS,4,1,143.6
AK-47,23,Red Laminate,eSports 2013 Case,390,3,0.06,0.8,FN,0,0,719.45
AK-47,23,Red Laminate,eSports 2013 Case,390,3,0.06,0.8,MW,1,0,75.57
AK-47,23,Red Laminate,eSports 2013 Case,390,3,0.06,0.8,FT,2,0,42.0
AK-47,23,Red Laminate,eSports 2013 Case,390,3,0.06,0.8,WW,3,0,44.08
AK-47,23,Red Laminate,eSports 2013 Case,390,3,0.06,0.8,BS,4,0,49.12
AK-47,23,Slate,Snakebite Case,391,2,0.0,1.0,FN,0,1,39.79
AK-47,23,Slate,Snakebite Case,391,2,0.0,1.0,MW,1,1,13.05
AK-47,23,Slate,Snakebite Case,391,2,0.0,1.0,FT,2,1,8.0
AK-47,23,Slate,Snakebite Case,391,2,0.0,1.0,WW,3,1,7.2
AK-47,23,Slate,Snakebite Case,391,2,0.0,1.0,BS,4,1,7.61
AK-47,23,Slate,Snakebite Case,391,2,0.0,1.0,FN,0,0,8.56
AK-47,23,Slate,Snakebite Case,391,2,0.0,1.0,MW,1,0,3.51
AK-47,23,Slate,Snakebite Case,391,2,0.0,1.0,FT,2,0,2.12
AK-47,23,Slate,Snakebite Case,391,2,0.0,1.0,WW,3,0,1.81
AK-47,23,Slate,Snakebite Case,391,2,0.0,1.0,BS,4,0,1.79
AK-47,23,Rat Rod,Shattered Web Case,392,2,0.0,1.0,FN,0,1,33.93
AK-47,23,Rat Rod,Shattered Web Case,392,2,0.0,1.0,MW,1,1,17.04
AK-47,23,Rat Rod,Shattered Web Case,392,2,0.0,1.0,FT,2,1,10.17
AK-47,23,Rat Rod,Shattered Web Case,392,2,0.0,1.0,WW,3,1,10.92
AK-47,23,Rat Rod,Shattered Web Case,392,2,0.0,1.0,BS,4,1,10.7
AK-47,23,Rat Rod,Shattered Web Case,392,2,0.0,1.0,FN,0,0,11.57
AK-47,23,Rat Rod,Shattered Web Case,392,2,0.0,1.0,MW,1,0,5.31
AK-47,23,Rat Rod,Shattered Web Case,392,2,0.0,1.0,FT,2,0,3.25
AK-47,23,Rat Rod,Shattered Web Case,392,2,0.0,1.0,WW,3,0,3.13
AK-47,23,Rat Rod,Shattered Web Case,392,2,0.0,1.0,BS,4,0,3.11
AK-47,23,Orbit Mk01,Operation Hydra Case,393,2,0.0,0.55,FN,0,1,75.01
AK-47,23,Orbit Mk01,Operation Hydra Case,393,2,0.0,0.55,MW,1,1,48.3
AK-47,23,Orbit Mk01,Operation Hydra Case,393,2,0.0,0.55,FT,2,1,34.47
AK-47,23,Orbit Mk01,Operation Hydra Case,393,2,0.0,0.55,WW,3,1,44.91
AK-47,23,Orbit Mk01,Operation Hydra Case,393,2,0.0,0.55,BS,4,1,44.46
AK-47,23,Orbit Mk01,Operation Hydra Case,393,2,0.0,0.55,FN,0,0,22.48
AK-47,23,Orbit Mk01,Operation Hydra Case,393,2,0.0,0.55,MW,1,0,14.53
AK-47,23,Orbit Mk01,Operation Hydra Case,393,2,0.0,0.55,FT,2,0,10.92
AK-47,23,Orbit Mk01,Operation Hydra Case,393,2,0.0,0.55,WW,3,0,14.3
AK-47,23,Orbit Mk01,Operation Hydra Case,393,2,0.0,0.55,BS,4,0,11.87
AK-47,23,Blue Laminate,eSports 2013 Winter Case,394,2,0.02,0.4,FN,0,1,44.75
AK-47,23,Blue Laminate,eSports 2013 Winter Case,394,2,0.02,0.4,MW,1,1,27.61
AK-47,23,Blue Laminate,eSports 2013 Winter Case,394,2,0.02,0.4,FT,2,1,26.69
AK-47,23,Blue Laminate,eSports 2013 Winter Case,394,2,0.02,0.4,WW,3,1,33.0
AK-47,23,Blue Laminate,eSports 2013 Winter Case,394,2,0.02,0.4,FN,0,0,13.41
AK-47,23,Blue Laminate,eSports 2013 Winter Case,394,2,0.02,0.4,MW,1,0,10.43
AK-47,23,Blue Laminate,eSports 2013 Winter Case,394,2,0.02,0.4,FT,2,0,9.78
AK-47,23,Blue Laminate,eSports 2013 Winter Case,394,2,0.02,0.4,WW,3,0,12.85
AK-47,23,Uncharted,Prisma Case,395,1,0.0,0.75,FN,0,1,5.8
AK-47,23,Uncharted,Prisma Case,395,1,0.0,0.75,MW,1,1,2.27
AK-47,23,Uncharted,Prisma Case,395,1,0.0,0.75,FT,2,1,1.74
AK-47,23,Uncharted,Prisma Case,395,1,0.0,0.75,WW,3,1,2.77
AK-47,23,Uncharted,Prisma Case,395,1,0.0,0.75,BS,4,1,1.8
AK-47,23,Uncharted,Prisma Case,395,1,0.0,0.75,FN,0,0,1.08
AK-47,23,Uncharted,Prisma Case,395,1,0.0,0.75,MW,1,0,0.4
AK-47,23,Uncharted,Prisma Case,395,1,0.0,0.75,FT,2,0,0.25
AK-47,23,Uncharted,Prisma Case,395,1,0.0,0.75,WW,3,0,0.52
AK-47,23,Uncharted,Prisma Case,395,1,0.0,0.75,BS,4,0,0.24
AK-47,23,Elite Build,Chroma 2 Case,277,1,0.0,1.0,FN,0,1,27.54
AK-47,23,Elite Build,Chroma 2 Case,277,1,0.0,1.0,MW,1,1,6.5
AK-47,23,Elite Build,Chroma 2 Case,277,1,0.0,1.0,FT,2,1,4.02
AK-47,23,Elite Build,Chroma 2 Case,277,1,0.0,1.0,WW,3,1,2.79
AK-47,23,Elite Build,Chroma 2 Case,277,1,0.0,1.0,BS,4,1,2.87
AK-47,23,Elite Build,Chroma 2 Case,277,1,0.0,1.0,FN,0,0,5.54
AK-47,23,Elite Build,Chroma 2 Case,277,1,0.0,1.0,MW,1,0,1.84
AK-47,23,Elite Build,Chroma 2 Case,277,1,0.0,1.0,FT,2,0,1.04
AK-47,23,Elite Build,Chroma 2 Case,277,1,0.0,1.0,WW,3,0,0.7
AK-47,23,Elite Build,Chroma 2 Case,277,1,0.0,1.0,BS,4,0,0.72
AUG,24,Chameleon,Operation Phoenix Weapon Case,396,4,0.0,0.5,FN,0,1,28.94
AUG,24,Chameleon,Operation Phoenix Weapon Case,396,4,0.0,0.5,MW,1,1,14.5
AUG,24,Chameleon,Operation Phoenix Weapon Case,396,4,0.0,0.5,FT,2,1,12.89
AUG,24,Chameleon,Operation Phoenix Weapon Case,396,4,0.0,0.5,WW,3,1,13.08
AUG,24,Chameleon,Operation Phoenix Weapon Case,396,4,0.0,0.5,BS,4,1,14.4
AUG,24,Chameleon,Operation Phoenix Weapon Case,396,4,0.0,0.5,FN,0,0,5.66
AUG,24,Chameleon,Operation Phoenix Weapon Case,396,4,0.0,0.5,MW,1,0,3.51
AUG,24,Chameleon,Operation Phoenix Weapon Case,396,4,0.0,0.5,FT,2,0,3.01
AUG,24,Chameleon,Operation Phoenix Weapon Case,396,4,0.0,0.5,WW,3,0,3.26
AUG,24,Chameleon,Operation Phoenix Weapon Case,396,4,0.0,0.5,BS,4,0,4.21
AUG,24,Death by Puppy,CS20 Case,397,3,0.0,0.4,FN,0,1,30.67
AUG,24,Death by Puppy,CS20 Case,397,3,0.0,0.4,MW,1,1,16.1
AUG,24,Death by Puppy,CS20 Case,397,3,0.0,0.4,FT,2,1,10.36
AUG,24,Death by Puppy,CS20 Case,397,3,0.0,0.4,WW,3,1,14.42
AUG,24,Death by Puppy,CS20 Case,397,3,0.0,0.4,FN,0,0,12.0
AUG,24,Death by Puppy,CS20 Case,397,3,0.0,0.4,MW,1,0,6.9
AUG,24,Death by Puppy,CS20 Case,397,3,0.0,0.4,FT,2,0,5.31
AUG,24,Death by Puppy,CS20 Case,397,3,0.0,0.4,WW,3,0,6.49
AUG,24,Momentum,Prisma Case,281,3,0.05,1.0,FN,0,1,101.81
AUG,24,Momentum,Prisma Case,281,3,0.05,1.0,MW,1,1,15.53
AUG,24,Momentum,Prisma Case,281,3,0.05,1.0,FT,2,1,5.0
AUG,24,Momentum,Prisma Case,281,3,0.05,1.0,WW,3,1,4.14
AUG,24,Momentum,Prisma Case,281,3,0.05,1.0,BS,4,1,3.22
AUG,24,Momentum,Prisma Case,281,3,0.05,1.0,FN,0,0,24.05
AUG,24,Momentum,Prisma Case,281,3,0.05,1.0,MW,1,0,6.05
AUG,24,Momentum,Prisma Case,281,3,0.05,1.0,FT,2,0,1.79
AUG,24,Momentum,Prisma Case,281,3,0.05,1.0,WW,3,0,1.33
AUG,24,Momentum,Prisma Case,281,3,0.05,1.0,BS,4,0,1.24
AUG,24,Stymphalian,Clutch Case,398,3,0.0,0.63,FN,0,1,18.0
AUG,24,Stymphalian,Clutch Case,398,3,0.0,0.63,MW,1,1,6.23
AUG,24,Stymphalian,Clutch Case,398,3,0.0,0.63,FT,2,1,2.64
AUG,24,Stymphalian,Clutch Case,398,3,0.0,0.63,WW,3,1,3.07
AUG,24,Stymphalian,Clutch Case,398,3,0.0,0.63,BS,4,1,2.57
AUG,24,Stymphalian,Clutch Case,398,3,0.0,0.63,FN,0,0,7.27
AUG,24,Stymphalian,Clutch Case,398,3,0.0,0.63,MW,1,0,3.14
AUG,24,Stymphalian,Clutch Case,398,3,0.0,0.63,FT,2,0,1.5
AUG,24,Stymphalian,Clutch Case,398,3,0.0,0.63,WW,3,0,1.49
AUG,24,Stymphalian,Clutch Case,398,3,0.0,0.63,BS,4,0,1.43
AUG,24,Syd Mead,Gamma 2 Case,399,3,0.0,0.8,FN,0,1,26.29
AUG,24,Syd Mead,Gamma 2 Case,399,3,0.0,0.8,MW,1,1,8.67
AUG,24,Syd Mead,Gamma 2 Case,399,3,0.0,0.8,FT,2,1,3.77
AUG,24,Syd Mead,Gamma 2 Case,399,3,0.0,0.8,WW,3,1,4.41
AUG,24,Syd Mead,Gamma 2 Case,399,3,0.0,0.8,BS,4,1,3.5
AUG,24,Syd Mead,Gamma 2 Case,399,3,0.0,0.8,FN,0,0,8.2
AUG,24,Syd Mead,Gamma 2 Case,399,3,0.0,0.8,MW,1,0,3.45
AUG,24,Syd Mead,Gamma 2 Case,399,3,0.0,0.8,FT,2,0,1.61
AUG,24,Syd Mead,Gamma 2 Case,399,3,0.0,0.8,WW,3,0,3.0
AUG,24,Syd Mead,Gamma 2 Case,399,3,0.0,0.8,BS,4,0,1.38
AUG,24,Fleet Flock,Chroma 3 Case,400,3,0.0,1.0,FN,0,1,32.16
AUG,24,Fleet Flock,Chroma 3 Case,400,3,0.0,1.0,MW,1,1,9.27
AUG,24,Fleet Flock,Chroma 3 Case,400,3,0.0,1.0,FT,2,1,4.48
AUG,24,Fleet Flock,Chroma 3 Case,400,3,0.0,1.0,WW,3,1,3.56
AUG,24,Fleet Flock,Chroma 3 Case,400,3,0.0,1.0,BS,4,1,3.72
AUG,24,Fleet Flock,Chroma 3 Case,400,3,0.0,1.0,FN,0,0,9.5
AUG,24,Fleet Flock,Chroma 3 Case,400,3,0.0,1.0,MW,1,0,4.07
AUG,24,Fleet Flock,Chroma 3 Case,400,3,0.0,1.0,FT,2,0,2.25
AUG,24,Fleet Flock,Chroma 3 Case,400,3,0.0,1.0,WW,3,0,1.8
AUG,24,Fleet Flock,Chroma 3 Case,400,3,0.0,1.0,BS,4,0,1.8
AUG,24,Bengal Tiger,eSports 2014 Summer Case,401,3,0.06,0.8,FN,0,1,124.68
AUG,24,Bengal Tiger,eSports 2014 Summer Case,401,3,0.06,0.8,MW,1,1,26.22
AUG,24,Bengal Tiger,eSports 2014 Summer Case,401,3,0.06,0.8,FT,2,1,13.36
AUG,24,Bengal Tiger,eSports 2014 Summer Case,401,3,0.06,0.8,WW,3,1,14.46
AUG,24,Bengal Tiger,eSports 2014 Summer Case,401,3,0.06,0.8,BS,4,1,11.98
AUG,24,Bengal Tiger,eSports 2014 Summer Case,401,3,0.06,0.8,FN,0,0,55.25
AUG,24,Bengal Tiger,eSports 2014 Summer Case,401,3,0.06,0.8,MW,1,0,8.81
AUG,24,Bengal Tiger,eSports 2014 Summer Case,401,3,0.06,0.8,FT,2,0,5.4
AUG,24,Bengal Tiger,eSports 2014 Summer Case,401,3,0.06,0.8,WW,3,0,5.26
AUG,24,Bengal Tiger,eSports 2014 Summer Case,401,3,0.06,0.8,BS,4,0,5.14
AUG,24,Arctic Wolf,Shattered Web Case,285,2,0.0,0.7,FN,0,1,26.45
AUG,24,Arctic Wolf,Shattered Web Case,285,2,0.0,0.7,MW,1,1,12.0
AUG,24,Arctic Wolf,Shattered Web Case,285,2,0.0,0.7,FT,2,1,5.01
AUG,24,Arctic Wolf,Shattered Web Case,285,2,0.0,0.7,WW,3,1,8.97
AUG,24,Arctic Wolf,Shattered Web Case,285,2,0.0,0.7,BS,4,1,2.72
AUG,24,Arctic Wolf,Shattered Web Case,285,2,0.0,0.7,FN,0,0,6.26
AUG,24,Arctic Wolf,Shattered Web Case,285,2,0.0,0.7,MW,1,0,3.45
AUG,24,Arctic Wolf,Shattered Web Case,285,2,0.0,0.7,FT,2,0,1.84
AUG,24,Arctic Wolf,Shattered Web Case,285,2,0.0,0.7,WW,3,0,1.96
AUG,24,Arctic Wolf,Shattered Web Case,285,2,0.0,0.7,BS,4,0,1.42
AUG,24,Aristocrat,Gamma Case,402,2,0.0,0.66,FN,0,1,6.96
AUG,24,Aristocrat,Gamma Case,402,2,0.0,0.66,MW,1,1,3.53
AUG,24,Aristocrat,Gamma Case,402,2,0.0,0.66,FT,2,1,1.35
AUG,24,Aristocrat,Gamma Case,402,2,0.0,0.66,WW,3,1,2.42
AUG,24,Aristocrat,Gamma Case,402,2,0.0,0.66,BS,4,1,1.53
AUG,24,Aristocrat,Gamma Case,402,2,0.0,0.66,FN,0,0,2.12
AUG,24,Aristocrat,Gamma Case,402,2,0.0,0.66,MW,1,0,0.92
AUG,24,Aristocrat,Gamma Case,402,2,0.0,0.66,FT,2,0,0.5
AUG,24,Aristocrat,Gamma Case,402,2,0.0,0.66,WW,3,0,0.58
AUG,24,Aristocrat,Gamma Case,402,2,0.0,0.66,BS,4,0,0.46
AUG,24,Torque,Huntsman Weapon Case,181,2,0.0,0.5,FN,0,1,18.6
AUG,24,Torque,Huntsman Weapon Case,181,2,0.0,0.5,MW,1,1,14.23
AUG,24,Torque,Huntsman Weapon Case,181,2,0.0,0.5,FT,2,1,12.37
AUG,24,Torque,Huntsman Weapon Case,181,2,0.0,0.5,WW,3,1,11.86
AUG,24,Torque,Huntsman Weapon Case,181,2,0.0,0.5,BS,4,1,11.62
AUG,24,Torque,Huntsman Weapon Case,181,2,0.0,0.5,FN,0,0,10.65
AUG,24,Torque,Huntsman Weapon Case,181,2,0.0,0.5,MW,1,0,8.05
AUG,24,Torque,Huntsman Weapon Case,181,2,0.0,0.5,FT,2,0,7.85
AUG,24,Torque,Huntsman Weapon Case,181,2,0.0,0.5,WW,3,0,7.28
AUG,24,Torque,Huntsman Weapon Case,181,2,0.0,0.5,BS,4,0,7.28
AUG,24,Plague,Operation Riptide Case,403,1,0.0,0.76,FN,0,1,5.06
AUG,24,Plague,Operation Riptide Case,403,1,0.0,0.76,MW,1,1,2.41
AUG,24,Plague,Operation Riptide Case,403,1,0.0,0.76,FT,2,1,0.81
AUG,24,Plague,Operation Riptide Case,403,1,0.0,0.76,WW,3,1,1.1
AUG,24,Plague,Operation Riptide Case,403,1,0.0,0.76,BS,4,1,0.8
AUG,24,Plague,Operation Riptide Case,403,1,0.0,0.76,FN,0,0,1.53
AUG,24,Plague,Operation Riptide Case,403,1,0.0,0.76,MW,1,0,0.89
AUG,24,Plague,Operation Riptide Case,403,1,0.0,0.76,FT,2,0,0.39
AUG,24,Plague,Operation Riptide Case,403,1,0.0,0.76,WW,3,0,0.41
AUG,24,Plague,Operation Riptide Case,403,1,0.0,0.76,BS,4,0,0.35
AUG,24,Tom Cat,Prisma 2 Case,404,1,0.0,0.8,FN,0,1,1.63
AUG,24,Tom Cat,Prisma 2 Case,404,1,0.0,0.8,MW,1,1,0.42
AUG,24,Tom Cat,Prisma 2 Case,404,1,0.0,0.8,FT,2,1,0.12
AUG,24,Tom Cat,Prisma 2 Case,404,1,0.0,0.8,WW,3,1,0.41
AUG,24,Tom Cat,Prisma 2 Case,404,1,0.0,0.8,BS,4,1,0.12
AUG,24,Tom Cat,Prisma 2 Case,404,1,0.0,0.8,FN,0,0,0.28
AUG,24,Tom Cat,Prisma 2 Case,404,1,0.0,0.8,MW,1,0,0.12
AUG,24,Tom Cat,Prisma 2 Case,404,1,0.0,0.8,FT,2,0,0.08
AUG,24,Tom Cat,Prisma 2 Case,404,1,0.0,0.8,WW,3,0,0.08
AUG,24,Tom Cat,Prisma 2 Case,404,1,0.0,0.8,BS,4,0,0.07
AUG,24,Amber Slipstream,Horizon Case,405,1,0.0,0.55,FN,0,1,1.23
AUG,24,Amber Slipstream,Horizon Case,405,1,0.0,0.55,MW,1,1,0.65
AUG,24,Amber Slipstream,Horizon Case,405,1,0.0,0.55,FT,2,1,0.29
AUG,24,Amber Slipstream,Horizon Case,405,1,0.0,0.55,WW,3,1,0.36
AUG,24,Amber Slipstream,Horizon Case,405,1,0.0,0.55,BS,4,1,0.25
AUG,24,Amber Slipstream,Horizon Case,405,1,0.0,0.55,FN,0,0,0.35
AUG,24,Amber Slipstream,Horizon Case,405,1,0.0,0.55,MW,1,0,0.21
AUG,24,Amber Slipstream,Horizon Case,405,1,0.0,0.55,FT,2,0,0.14
AUG,24,Amber Slipstream,Horizon Case,405,1,0.0,0.55,WW,3,0,0.12
AUG,24,Amber Slipstream,Horizon Case,405,1,0.0,0.55,BS,4,0,0.14
AUG,24,Triqua,Spectrum 2 Case,406,1,0.0,1.0,FN,0,1,3.14
AUG,24,Triqua,Spectrum 2 Case,406,1,0.0,1.0,MW,1,1,0.36
AUG,24,Triqua,Spectrum 2 Case,406,1,0.0,1.0,FT,2,1,0.16
AUG,24,Triqua,Spectrum 2 Case,406,1,0.0,1.0,WW,3,1,0.12
AUG,24,Triqua,Spectrum 2 Case,406,1,0.0,1.0,BS,4,1,0.12
AUG,24,Triqua,Spectrum 2 Case,406,1,0.0,1.0,FN,0,0,0.35
AUG,24,Triqua,Spectrum 2 Case,406,1,0.0,1.0,MW,1,0,0.12
AUG,24,Triqua,Spectrum 2 Case,406,1,0.0,1.0,FT,2,0,0.08
AUG,24,Triqua,Spectrum 2 Case,406,1,0.0,1.0,WW,3,0,0.07
AUG,24,Triqua,Spectrum 2 Case,406,1,0.0,1.0,BS,4,0,0.07
AUG,24,Ricochet,Revolver Case,407,1,0.0,0.8,FN,0,1,3.31
AUG,24,Ricochet,Revolver Case,407,1,0.0,0.8,MW,1,1,1.03
AUG,24,Ricochet,Revolver Case,407,1,0.0,0.8,FT,2,1,0.34
AUG,24,Ricochet,Revolver Case,407,1,0.0,0.8,WW,3,1,1.68
AUG,24,Ricochet,Revolver Case,407,1,0.0,0.8,BS,4,1,0.19
AUG,24,Ricochet,Revolver Case,407,1,0.0,0.8,FN,0,0,0.81
AUG,24,Ricochet,Revolver Case,407,1,0.0,0.8,MW,1,0,0.25
AUG,24,Ricochet,Revolver Case,407,1,0.0,0.8,FT,2,0,0.09
AUG,24,Ricochet,Revolver Case,407,1,0.0,0.8,WW,3,0,0.2
AUG,24,Ricochet,Revolver Case,407,1,0.0,0.8,BS,4,0,0.08
AUG,24,Wings,CS:GO Weapon Case,408,1,0.0,0.14,FN,0,1,21.76
AUG,24,Wings,CS:GO Weapon Case,408,1,0.0,0.14,MW,1,1,25.19
AUG,24,Wings,CS:GO Weapon Case,408,1,0.0,0.14,FN,0,0,22.02
AUG,24,Wings,CS:GO Weapon Case,408,1,0.0,0.14,MW,1,0,21.19
AWP,25,Chromatic Aberration,Recoil Case,409,4,0.0,0.7,FN,0,1,73.42
AWP,25,Chromatic Aberration,Recoil Case,409,4,0.0,0.7,MW,1,1,42.5
AWP,25,Chromatic Aberration,Recoil Case,409,4,0.0,0.7,FT,2,1,18.89
AWP,25,Chromatic Aberration,Recoil Case,409,4,0.0,0.7,WW,3,1,31.67
AWP,25,Chromatic Aberration,Recoil Case,409,4,0.0,0.7,BS,4,1,18.33
AWP,25,Chromatic Aberration,Recoil Case,409,4,0.0,0.7,FN,0,0,23.48
AWP,25,Chromatic Aberration,Recoil Case,409,4,0.0,0.7,MW,1,0,15.37
AWP,25,Chromatic Aberration,Recoil Case,409,4,0.0,0.7,FT,2,0,8.11
AWP,25,Chromatic Aberration,Recoil Case,409,4,0.0,0.7,WW,3,0,9.29
AWP,25,Chromatic Aberration,Recoil Case,409,4,0.0,0.7,BS,4,0,6.22
AWP,25,Containment Breach,Shattered Web Case,410,4,0.0,1.0,FN,0,1,1782.5
AWP,25,Containment Breach,Shattered Web Case,410,4,0.0,1.0,MW,1,1,431.51
AWP,25,Containment Breach,Shattered Web Case,410,4,0.0,1.0,FT,2,1,210.0
AWP,25,Containment Breach,Shattered Web Case,410,4,0.0,1.0,WW,3,1,153.9
AWP,25,Containment Breach,Shattered Web Case,410,4,0.0,1.0,BS,4,1,107.03
AWP,25,Containment Breach,Shattered Web Case,410,4,0.0,1.0,FN,0,0,459.81
AWP,25,Containment Breach,Shattered Web Case,410,4,0.0,1.0,MW,1,0,163.66
AWP,25,Containment Breach,Shattered Web Case,410,4,0.0,1.0,FT,2,0,93.09
AWP,25,Containment Breach,Shattered Web Case,410,4,0.0,1.0,WW,3,0,60.0
AWP,25,Containment Breach,Shattered Web Case,410,4,0.0,1.0,BS,4,0,45.77
AWP,25,Wildfire,CS20 Case,411,4,0.01,0.7,FN,0,1,440.77
AWP,25,Wildfire,CS20 Case,411,4,0.01,0.7,MW,1,1,219.0
AWP,25,Wildfire,CS20 Case,411,4,0.01,0.7,FT,2,1,107.92
AWP,25,Wildfire,CS20 Case,411,4,0.01,0.7,WW,3,1,118.81
AWP,25,Wildfire,CS20 Case,411,4,0.01,0.7,BS,4,1,80.39
AWP,25,Wildfire,CS20 Case,411,4,0.01,0.7,FN,0,0,161.53
AWP,25,Wildfire,CS20 Case,411,4,0.01,0.7,MW,1,0,91.83
AWP,25,Wildfire,CS20 Case,411,4,0.01,0.7,FT,2,0,56.0
AWP,25,Wildfire,CS20 Case,411,4,0.01,0.7,WW,3,0,50.0
AWP,25,Wildfire,CS20 Case,411,4,0.01,0.7,BS,4,0,33.97
AWP,25,Neo-Noir,Danger Zone Case,74,4,0.0,0.5,FN,0,1,104.0
AWP,25,Neo-Noir,Danger Zone Case,74,4,0.0,0.5,MW,1,1,72.49
AWP,25,Neo-Noir,Danger Zone Case,74,4,0.0,0.5,FT,2,1,55.0
AWP,25,Neo-Noir,Danger Zone Case,74,4,0.0,0.5,WW,3,1,52.63
AWP,25,Neo-Noir,Danger Zone Case,74,4,0.0,0.5,BS,4,1,54.16
AWP,25,Neo-Noir,Danger Zone Case,74,4,0.0,0.5,FN,0,0,37.06
AWP,25,Neo-Noir,Danger Zone Case,74,4,0.0,0.5,MW,1,0,28.81
AWP,25,Neo-Noir,Danger Zone Case,74,4,0.0,0.5,FT,2,0,23.47
AWP,25,Neo-Noir,Danger Zone Case,74,4,0.0,0.5,WW,3,0,23.5
AWP,25,Neo-Noir,Danger Zone Case,74,4,0.0,0.5,BS,4,0,22.5
AWP,25,Oni Taiji,Operation Hydra Case,412,4,0.0,0.5,FN,0,1,1079.48
AWP,25,Oni Taiji,Operation Hydra Case,412,4,0.0,0.5,MW,1,1,765.74
AWP,25,Oni Taiji,Operation Hydra Case,412,4,0.0,0.5,FT,2,1,680.0
AWP,25,Oni Taiji,Operation Hydra Case,412,4,0.0,0.5,WW,3,1,479.62
AWP,25,Oni Taiji,Operation Hydra Case,412,4,0.0,0.5,FN,0,0,641.51
AWP,25,Oni Taiji,Operation Hydra Case,412,4,0.0,0.5,MW,1,0,502.69
AWP,25,Oni Taiji,Operation Hydra Case,412,4,0.0,0.5,FT,2,0,336.76
AWP,25,Oni Taiji,Operation Hydra Case,412,4,0.0,0.5,WW,3,0,278.0
AWP,25,Oni Taiji,Operation Hydra Case,412,4,0.0,0.5,BS,4,0,245.0
AWP,25,Hyper Beast,Falchion Case,56,4,0.0,1.0,FN,0,1,415.05
AWP,25,Hyper Beast,Falchion Case,56,4,0.0,1.0,MW,1,1,159.0
AWP,25,Hyper Beast,Falchion Case,56,4,0.0,1.0,FT,2,1,80.75
AWP,25,Hyper Beast,Falchion Case,56,4,0.0,1.0,WW,3,1,68.46
AWP,25,Hyper Beast,Falchion Case,56,4,0.0,1.0,BS,4,1,67.56
AWP,25,Hyper Beast,Falchion Case,56,4,0.0,1.0,FN,0,0,120.0
AWP,25,Hyper Beast,Falchion Case,56,4,0.0,1.0,MW,1,0,60.0
AWP,25,Hyper Beast,Falchion Case,56,4,0.0,1.0,FT,2,0,33.0
AWP,25,Hyper Beast,Falchion Case,56,4,0.0,1.0,WW,3,0,23.37
AWP,25,Hyper Beast,Falchion Case,56,4,0.0,1.0,BS,4,0,20.97
AWP,25,Man-o'-war,Chroma Case,371,4,0.1,0.2,MW,1,1,84.0
AWP,25,Man-o'-war,Chroma Case,371,4,0.1,0.2,FT,2,1,87.36
AWP,25,Man-o'-war,Chroma Case,371,4,0.1,0.2,MW,1,0,37.6
AWP,25,Man-o'-war,Chroma Case,371,4,0.1,0.2,FT,2,0,35.55
AWP,25,Asiimov,Operation Phoenix Weapon Case,116,4,0.18,1.0,FT,2,1,304.93
AWP,25,Asiimov,Operation Phoenix Weapon Case,116,4,0.18,1.0,WW,3,1,228.34
AWP,25,Asiimov,Operation Phoenix Weapon Case,116,4,0.18,1.0,BS,4,1,156.89
AWP,25,Asiimov,Operation Phoenix Weapon Case,116,4,0.18,1.0,FT,2,0,154.99
AWP,25,Asiimov,Operation Phoenix Weapon Case,116,4,0.18,1.0,WW,3,0,103.76
AWP,25,Asiimov,Operation Phoenix Weapon Case,116,4,0.18,1.0,BS,4,0,85.16
AWP,25,Lightning Strike,CS:GO Weapon Case,413,4,0.0,0.08,FN,0,1,1499.9
AWP,25,Lightning Strike,CS:GO Weapon Case,413,4,0.0,0.08,FN,0,0,691.31
AWP,25,Lightning Strike,CS:GO Weapon Case,413,4,0.0,0.08,MW,1,0,881.31
AWP,25,Duality,Revolution Case,414,3,0.0,0.7,FN,0,1,55.97
AWP,25,Duality,Revolution Case,414,3,0.0,0.7,MW,1,1,22.86
AWP,25,Duality,Revolution Case,414,3,0.0,0.7,FT,2,1,11.57
AWP,25,Duality,Revolution Case,414,3,0.0,0.7,WW,3,1,16.56
AWP,25,Duality,Revolution Case,414,3,0.0,0.7,BS,4,1,11.38
AWP,25,Duality,Revolution Case,414,3,0.0,0.7,FN,0,0,16.4
AWP,25,Duality,Revolution Case,414,3,0.0,0.7,MW,1,0,8.2
AWP,25,Duality,Revolution Case,414,3,0.0,0.7,FT,2,0,4.05
AWP,25,Duality,Revolution Case,414,3,0.0,0.7,WW,3,0,4.96
AWP,25,Duality,Revolution Case,414,3,0.0,0.7,BS,4,0,3.48
AWP,25,Mortis,Clutch Case,415,3,0.0,0.64,FN,0,1,18.53
AWP,25,Mortis,Clutch Case,415,3,0.0,0.64,MW,1,1,7.66
AWP,25,Mortis,Clutch Case,415,3,0.0,0.64,FT,2,1,4.5
AWP,25,Mortis,Clutch Case,415,3,0.0,0.64,WW,3,1,7.24
AWP,25,Mortis,Clutch Case,415,3,0.0,0.64,BS,4,1,6.45
AWP,25,Mortis,Clutch Case,415,3,0.0,0.64,FN,0,0,6.93
AWP,25,Mortis,Clutch Case,415,3,0.0,0.64,MW,1,0,3.19
AWP,25,Mortis,Clutch Case,415,3,0.0,0.64,FT,2,0,1.54
AWP,25,Mortis,Clutch Case,415,3,0.0,0.64,WW,3,0,2.37
AWP,25,Mortis,Clutch Case,415,3,0.0,0.64,BS,4,0,1.5
AWP,25,Fever Dream,Spectrum Case,416,3,0.0,0.55,FN,0,1,36.5
AWP,25,Fever Dream,Spectrum Case,416,3,0.0,0.55,MW,1,1,24.1
AWP,25,Fever Dream,Spectrum Case,416,3,0.0,0.55,FT,2,1,16.99
AWP,25,Fever Dream,Spectrum Case,416,3,0.0,0.55,WW,3,1,20.82
AWP,25,Fever Dream,Spectrum Case,416,3,0.0,0.55,BS,4,1,16.82
AWP,25,Fever Dream,Spectrum Case,416,3,0.0,0.55,FN,0,0,13.8
AWP,25,Fever Dream,Spectrum Case,416,3,0.0,0.55,MW,1,0,10.29
AWP,25,Fever Dream,Spectrum Case,416,3,0.0,0.55,FT,2,0,8.1
AWP,25,Fever Dream,Spectrum Case,416,3,0.0,0.55,WW,3,0,7.65
AWP,25,Fever Dream,Spectrum Case,416,3,0.0,0.55,BS,4,0,7.15
AWP,25,Elite Build,Operation Wildfire Case,277,3,0.0,1.0,FN,0,1,87.87
AWP,25,Elite Build,Operation Wildfire Case,277,3,0.0,1.0,MW,1,1,45.62
AWP,25,Elite Build,Operation Wildfire Case,277,3,0.0,1.0,FT,2,1,24.99
AWP,25,Elite Build,Operation Wildfire Case,277,3,0.0,1.0,WW,3,1,23.85
AWP,25,Elite Build,Operation Wildfire Case,277,3,0.0,1.0,BS,4,1,22.49
AWP,25,Elite Build,Operation Wildfire Case,277,3,0.0,1.0,FN,0,0,38.27
AWP,25,Elite Build,Operation Wildfire Case,277,3,0.0,1.0,MW,1,0,21.66
AWP,25,Elite Build,Operation Wildfire Case,277,3,0.0,1.0,FT,2,0,14.65
AWP,25,Elite Build,Operation Wildfire Case,277,3,0.0,1.0,WW,3,0,13.92
AWP,25,Elite Build,Operation Wildfire Case,277,3,0.0,1.0,BS,4,0,12.39
AWP,25,Corticera,eSports 2014 Summer Case,100,3,0.06,0.3,FN,0,1,131.04
AWP,25,Corticera,eSports 2014 Summer Case,100,3,0.06,0.3,MW,1,1,39.33
AWP,25,Corticera,eSports 2014 Summer Case,100,3,0.06,0.3,FT,2,1,34.13
AWP,25,Corticera,eSports 2014 Summer Case,100,3,0.06,0.3,FN,0,0,45.82
AWP,25,Corticera,eSports 2014 Summer Case,100,3,0.06,0.3,MW,1,0,14.64
AWP,25,Corticera,eSports 2014 Summer Case,100,3,0.06,0.3,FT,2,0,13.22
AWP,25,Redline,Winter Offensive Weapon Case,389,3,0.1,0.4,MW,1,1,160.0
AWP,25,Redline,Winter Offensive Weapon Case,389,3,0.1,0.4,FT,2,1,80.1
AWP,25,Redline,Winter Offensive Weapon Case,389,3,0.1,0.4,WW,3,1,136.9
AWP,25,Redline,Winter Offensive Weapon Case,389,3,0.1,0.4,MW,1,0,66.38
AWP,25,Redline,Winter Offensive Weapon Case,389,3,0.1,0.4,FT,2,0,39.0
AWP,25,Redline,Winter Offensive Weapon Case,389,3,0.1,0.4,WW,3,0,57.21
AWP,25,Electric Hive,eSports 2013 Winter Case,417,3,0.0,0.4,FN,0,1,123.0
AWP,25,Electric Hive,eSports 2013 Winter Case,417,3,0.0,0.4,MW,1,1,102.0
AWP,25,Electric Hive,eSports 2013 Winter Case,417,3,0.0,0.4,FT,2,1,60.0
AWP,25,Electric Hive,eSports 2013 Winter Case,417,3,0.0,0.4,WW,3,1,122.47
AWP,25,Electric Hive,eSports 2013 Winter Case,417,3,0.0,0.4,FN,0,0,68.68
AWP,25,Electric Hive,eSports 2013 Winter Case,417,3,0.0,0.4,MW,1,0,42.22
AWP,25,Electric Hive,eSports 2013 Winter Case,417,3,0.0,0.4,FT,2,0,33.52
AWP,25,Electric Hive,eSports 2013 Winter Case,417,3,0.0,0.4,WW,3,0,43.82
AWP,25,Graphite,Operation Bravo Case,318,3,0.0,0.12,FN,0,1,489.34
AWP,25,Graphite,Operation Bravo Case,318,3,0.0,0.12,MW,1,1,438.07
AWP,25,Graphite,Operation Bravo Case,318,3,0.0,0.12,FN,0,0,180.0
AWP,25,Graphite,Operation Bravo Case,318,3,0.0,0.12,MW,1,0,188.92
AWP,25,BOOM,eSports 2013 Case,418,3,0.06,0.28,FN,0,1,1152.13
AWP,25,BOOM,eSports 2013 Case,418,3,0.06,0.28,MW,1,1,257.53
AWP,25,BOOM,eSports 2013 Case,418,3,0.06,0.28,FT,2,1,219.16
AWP,25,BOOM,eSports 2013 Case,418,3,0.06,0.28,FN,0,0,466.99
AWP,25,BOOM,eSports 2013 Case,418,3,0.06,0.28,MW,1,0,106.0
AWP,25,BOOM,eSports 2013 Case,418,3,0.06,0.28,FT,2,0,92.83
AWP,25,Exoskeleton,Operation Broken Fang Case,419,2,0.0,1.0,FN,0,1,37.0
AWP,25,Exoskeleton,Operation Broken Fang Case,419,2,0.0,1.0,MW,1,1,9.79
AWP,25,Exoskeleton,Operation Broken Fang Case,419,2,0.0,1.0,FT,2,1,4.57
AWP,25,Exoskeleton,Operation Broken Fang Case,419,2,0.0,1.0,WW,3,1,4.51
AWP,25,Exoskeleton,Operation Broken Fang Case,419,2,0.0,1.0,BS,4,1,4.6
AWP,25,Exoskeleton,Operation Broken Fang Case,419,2,0.0,1.0,FN,0,0,8.25
AWP,25,Exoskeleton,Operation Broken Fang Case,419,2,0.0,1.0,MW,1,0,3.88
AWP,25,Exoskeleton,Operation Broken Fang Case,419,2,0.0,1.0,FT,2,0,2.66
AWP,25,Exoskeleton,Operation Broken Fang Case,419,2,0.0,1.0,WW,3,0,2.07
AWP,25,Exoskeleton,Operation Broken Fang Case,419,2,0.0,1.0,BS,4,0,1.84
AWP,25,Atheris,Prisma Case,420,2,0.0,1.0,FN,0,1,43.32
AWP,25,Atheris,Prisma Case,420,2,0.0,1.0,MW,1,1,15.38
AWP,25,Atheris,Prisma Case,420,2,0.0,1.0,FT,2,1,7.5
AWP,25,Atheris,Prisma Case,420,2,0.0,1.0,WW,3,1,5.43
AWP,25,Atheris,Prisma Case,420,2,0.0,1.0,BS,4,1,4.9
AWP,25,Atheris,Prisma Case,420,2,0.0,1.0,FN,0,0,13.0
AWP,25,Atheris,Prisma Case,420,2,0.0,1.0,MW,1,0,5.66
AWP,25,Atheris,Prisma Case,420,2,0.0,1.0,FT,2,0,2.41
AWP,25,Atheris,Prisma Case,420,2,0.0,1.0,WW,3,0,1.61
AWP,25,Atheris,Prisma Case,420,2,0.0,1.0,BS,4,0,1.54
AWP,25,PAW,Horizon Case,421,2,0.0,0.5,FN,0,1,15.7
AWP,25,PAW,Horizon Case,421,2,0.0,0.5,MW,1,1,7.61
AWP,25,PAW,Horizon Case,421,2,0.0,0.5,FT,2,1,3.71
AWP,25,PAW,Horizon Case,421,2,0.0,0.5,WW,3,1,5.14
AWP,25,PAW,Horizon Case,421,2,0.0,0.5,BS,4,1,6.15
AWP,25,PAW,Horizon Case,421,2,0.0,0.5,FN,0,0,4.29
AWP,25,PAW,Horizon Case,421,2,0.0,0.5,MW,1,0,2.41
AWP,25,PAW,Horizon Case,421,2,0.0,0.5,FT,2,0,1.3
AWP,25,PAW,Horizon Case,421,2,0.0,0.5,WW,3,0,1.4
AWP,25,PAW,Horizon Case,421,2,0.0,0.5,BS,4,0,1.41
AWP,25,Phobos,Gamma Case,422,2,0.0,0.4,FN,0,1,6.99
AWP,25,Phobos,Gamma Case,422,2,0.0,0.4,MW,1,1,3.84
AWP,25,Phobos,Gamma Case,422,2,0.0,0.4,FT,2,1,3.22
AWP,25,Phobos,Gamma Case,422,2,0.0,0.4,WW,3,1,12.69
AWP,25,Phobos,Gamma Case,422,2,0.0,0.4,FN,0,0,2.07
AWP,25,Phobos,Gamma Case,422,2,0.0,0.4,MW,1,0,1.03
AWP,25,Phobos,Gamma Case,422,2,0.0,0.4,FT,2,0,0.86
AWP,25,Phobos,Gamma Case,422,2,0.0,0.4,WW,3,0,3.13
AWP,25,Worm God,Chroma 2 Case,423,2,0.0,0.45,FN,0,1,7.4
AWP,25,Worm God,Chroma 2 Case,423,2,0.0,0.45,MW,1,1,4.67
AWP,25,Worm God,Chroma 2 Case,423,2,0.0,0.45,FT,2,1,3.68
AWP,25,Worm God,Chroma 2 Case,423,2,0.0,0.45,WW,3,1,6.55
AWP,25,Worm God,Chroma 2 Case,423,2,0.0,0.45,FN,0,0,2.7
AWP,25,Worm God,Chroma 2 Case,423,2,0.0,0.45,MW,1,0,1.75
AWP,25,Worm God,Chroma 2 Case,423,2,0.0,0.45,FT,2,0,1.32
AWP,25,Worm God,Chroma 2 Case,423,2,0.0,0.45,WW,3,0,1.49
AWP,25,Capillary,Prisma 2 Case,68,1,0.05,0.7,FN,0,1,10.07
AWP,25,Capillary,Prisma 2 Case,68,1,0.05,0.7,MW,1,1,1.55
AWP,25,Capillary,Prisma 2 Case,68,1,0.05,0.7,FT,2,1,0.82
AWP,25,Capillary,Prisma 2 Case,68,1,0.05,0.7,WW,3,1,1.41
AWP,25,Capillary,Prisma 2 Case,68,1,0.05,0.7,BS,4,1,0.87
AWP,25,Capillary,Prisma 2 Case,68,1,0.05,0.7,FN,0,0,1.9
AWP,25,Capillary,Prisma 2 Case,68,1,0.05,0.7,MW,1,0,0.37
AWP,25,Capillary,Prisma 2 Case,68,1,0.05,0.7,FT,2,0,0.14
AWP,25,Capillary,Prisma 2 Case,68,1,0.05,0.7,WW,3,0,0.25
AWP,25,Capillary,Prisma 2 Case,68,1,0.05,0.7,BS,4,0,0.13
FAMAS,26,Commemoration,CS20 Case,424,4,0.0,0.5,FN,0,1,81.05
FAMAS,26,Commemoration,CS20 Case,424,4,0.0,0.5,MW,1,1,46.01
FAMAS,26,Commemoration,CS20 Case,424,4,0.0,0.5,FT,2,1,33.35
FAMAS,26,Commemoration,CS20 Case,424,4,0.0,0.5,WW,3,1,53.7
FAMAS,26,Commemoration,CS20 Case,424,4,0.0,0.5,BS,4,1,37.78
FAMAS,26,Commemoration,CS20 Case,424,4,0.0,0.5,FN,0,0,21.74
FAMAS,26,Commemoration,CS20 Case,424,4,0.0,0.5,MW,1,0,14.12
FAMAS,26,Commemoration,CS20 Case,424,4,0.0,0.5,FT,2,0,12.36
FAMAS,26,Commemoration,CS20 Case,424,4,0.0,0.5,WW,3,0,12.71
FAMAS,26,Commemoration,CS20 Case,424,4,0.0,0.5,BS,4,0,13.63
FAMAS,26,Roll Cage,Gamma 2 Case,425,4,0.0,1.0,FN,0,1,109.21
FAMAS,26,Roll Cage,Gamma 2 Case,425,4,0.0,1.0,MW,1,1,17.78
FAMAS,26,Roll Cage,Gamma 2 Case,425,4,0.0,1.0,FT,2,1,8.16
FAMAS,26,Roll Cage,Gamma 2 Case,425,4,0.0,1.0,WW,3,1,6.95
FAMAS,26,Roll Cage,Gamma 2 Case,425,4,0.0,1.0,BS,4,1,6.36
FAMAS,26,Roll Cage,Gamma 2 Case,425,4,0.0,1.0,FN,0,0,18.66
FAMAS,26,Roll Cage,Gamma 2 Case,425,4,0.0,1.0,MW,1,0,5.59
FAMAS,26,Roll Cage,Gamma 2 Case,425,4,0.0,1.0,FT,2,0,2.89
FAMAS,26,Roll Cage,Gamma 2 Case,425,4,0.0,1.0,WW,3,0,2.14
FAMAS,26,Roll Cage,Gamma 2 Case,425,4,0.0,1.0,BS,4,0,2.02
FAMAS,26,Rapid Eye Movement,Dreams & Nightmares Case,426,3,0.0,1.0,FN,0,1,20.93
FAMAS,26,Rapid Eye Movement,Dreams & Nightmares Case,426,3,0.0,1.0,MW,1,1,6.39
FAMAS,26,Rapid Eye Movement,Dreams & Nightmares Case,426,3,0.0,1.0,FT,2,1,2.72
FAMAS,26,Rapid Eye Movement,Dreams & Nightmares Case,426,3,0.0,1.0,WW,3,1,2.23
FAMAS,26,Rapid Eye Movement,Dreams & Nightmares Case,426,3,0.0,1.0,BS,4,1,2.13
FAMAS,26,Rapid Eye Movement,Dreams & Nightmares Case,426,3,0.0,1.0,FN,0,0,8.13
FAMAS,26,Rapid Eye Movement,Dreams & Nightmares Case,426,3,0.0,1.0,MW,1,0,3.28
FAMAS,26,Rapid Eye Movement,Dreams & Nightmares Case,426,3,0.0,1.0,FT,2,0,1.44
FAMAS,26,Rapid Eye Movement,Dreams & Nightmares Case,426,3,0.0,1.0,WW,3,0,1.26
FAMAS,26,Rapid Eye Movement,Dreams & Nightmares Case,426,3,0.0,1.0,BS,4,0,1.24
FAMAS,26,Eye of Athena,Horizon Case,427,3,0.0,0.7,FN,0,1,34.09
FAMAS,26,Eye of Athena,Horizon Case,427,3,0.0,0.7,MW,1,1,16.96
FAMAS,26,Eye of Athena,Horizon Case,427,3,0.0,0.7,FT,2,1,7.65
FAMAS,26,Eye of Athena,Horizon Case,427,3,0.0,0.7,WW,3,1,8.62
FAMAS,26,Eye of Athena,Horizon Case,427,3,0.0,0.7,BS,4,1,6.72
FAMAS,26,Eye of Athena,Horizon Case,427,3,0.0,0.7,FN,0,0,13.13
FAMAS,26,Eye of Athena,Horizon Case,427,3,0.0,0.7,MW,1,0,6.09
FAMAS,26,Eye of Athena,Horizon Case,427,3,0.0,0.7,FT,2,0,4.02
FAMAS,26,Eye of Athena,Horizon Case,427,3,0.0,0.7,WW,3,0,3.93
FAMAS,26,Eye of Athena,Horizon Case,427,3,0.0,0.7,BS,4,0,4.15
FAMAS,26,Mecha Industries,Glove Case,23,3,0.0,0.5,FN,0,1,20.75
FAMAS,26,Mecha Industries,Glove Case,23,3,0.0,0.5,MW,1,1,12.37
FAMAS,26,Mecha Industries,Glove Case,23,3,0.0,0.5,FT,2,1,7.04
FAMAS,26,Mecha Industries,Glove Case,23,3,0.0,0.5,WW,3,1,7.13
FAMAS,26,Mecha Industries,Glove Case,23,3,0.0,0.5,BS,4,1,6.86
FAMAS,26,Mecha Industries,Glove Case,23,3,0.0,0.5,FN,0,0,8.19
FAMAS,26,Mecha Industries,Glove Case,23,3,0.0,0.5,MW,1,0,5.0
FAMAS,26,Mecha Industries,Glove Case,23,3,0.0,0.5,FT,2,0,3.36
FAMAS,26,Mecha Industries,Glove Case,23,3,0.0,0.5,WW,3,0,3.06
FAMAS,26,Mecha Industries,Glove Case,23,3,0.0,0.5,BS,4,0,3.01
FAMAS,26,Djinn,Chroma 2 Case,428,3,0.0,1.0,FN,0,1,41.53
FAMAS,26,Djinn,Chroma 2 Case,428,3,0.0,1.0,MW,1,1,13.5
FAMAS,26,Djinn,Chroma 2 Case,428,3,0.0,1.0,FT,2,1,5.65
FAMAS,26,Djinn,Chroma 2 Case,428,3,0.0,1.0,WW,3,1,5.41
FAMAS,26,Djinn,Chroma 2 Case,428,3,0.0,1.0,BS,4,1,4.89
FAMAS,26,Djinn,Chroma 2 Case,428,3,0.0,1.0,FN,0,0,12.49
FAMAS,26,Djinn,Chroma 2 Case,428,3,0.0,1.0,MW,1,0,5.0
FAMAS,26,Djinn,Chroma 2 Case,428,3,0.0,1.0,FT,2,0,2.61
FAMAS,26,Djinn,Chroma 2 Case,428,3,0.0,1.0,WW,3,0,2.24
FAMAS,26,Djinn,Chroma 2 Case,428,3,0.0,1.0,BS,4,0,2.23
FAMAS,26,Afterimage,eSports 2013 Winter Case,429,3,0.02,0.4,FN,0,1,59.98
FAMAS,26,Afterimage,eSports 2013 Winter Case,429,3,0.02,0.4,MW,1,1,45.14
FAMAS,26,Afterimage,eSports 2013 Winter Case,429,3,0.02,0.4,FT,2,1,29.27
FAMAS,26,Afterimage,eSports 2013 Winter Case,429,3,0.02,0.4,WW,3,1,28.37
FAMAS,26,Afterimage,eSports 2013 Winter Case,429,3,0.02,0.4,FN,0,0,65.4
FAMAS,26,Afterimage,eSports 2013 Winter Case,429,3,0.02,0.4,MW,1,0,30.63
FAMAS,26,Afterimage,eSports 2013 Winter Case,429,3,0.02,0.4,FT,2,0,29.0
FAMAS,26,Afterimage,eSports 2013 Winter Case,429,3,0.02,0.4,WW,3,0,62.96
FAMAS,26,ZX Spectron,Operation Riptide Case,430,2,0.0,1.0,FN,0,1,23.5
FAMAS,26,ZX Spectron,Operation Riptide Case,430,2,0.0,1.0,MW,1,1,8.54
FAMAS,26,ZX Spectron,Operation Riptide Case,430,2,0.0,1.0,FT,2,1,3.19
FAMAS,26,ZX Spectron,Operation Riptide Case,430,2,0.0,1.0,WW,3,1,2.57
FAMAS,26,ZX Spectron,Operation Riptide Case,430,2,0.0,1.0,BS,4,1,2.62
FAMAS,26,ZX Spectron,Operation Riptide Case,430,2,0.0,1.0,FN,0,0,7.68
FAMAS,26,ZX Spectron,Operation Riptide Case,430,2,0.0,1.0,MW,1,0,2.76
FAMAS,26,ZX Spectron,Operation Riptide Case,430,2,0.0,1.0,FT,2,0,1.4
FAMAS,26,ZX Spectron,Operation Riptide Case,430,2,0.0,1.0,WW,3,0,1.11
FAMAS,26,ZX Spectron,Operation Riptide Case,430,2,0.0,1.0,BS,4,0,1.15
FAMAS,26,Valence,Operation Wildfire Case,134,2,0.0,0.8,FN,0,1,18.55
FAMAS,26,Valence,Operation Wildfire Case,134,2,0.0,0.8,MW,1,1,8.05
FAMAS,26,Valence,Operation Wildfire Case,134,2,0.0,0.8,FT,2,1,3.96
FAMAS,26,Valence,Operation Wildfire Case,134,2,0.0,0.8,WW,3,1,4.48
FAMAS,26,Valence,Operation Wildfire Case,134,2,0.0,0.8,BS,4,1,3.91
FAMAS,26,Valence,Operation Wildfire Case,134,2,0.0,0.8,FN,0,0,6.59
FAMAS,26,Valence,Operation Wildfire Case,134,2,0.0,0.8,MW,1,0,3.33
FAMAS,26,Valence,Operation Wildfire Case,134,2,0.0,0.8,FT,2,0,2.38
FAMAS,26,Valence,Operation Wildfire Case,134,2,0.0,0.8,WW,3,0,2.39
FAMAS,26,Valence,Operation Wildfire Case,134,2,0.0,0.8,BS,4,0,1.92
FAMAS,26,Neural Net,Falchion Case,431,2,0.0,0.6,FN,0,1,5.87
FAMAS,26,Neural Net,Falchion Case,431,2,0.0,0.6,MW,1,1,3.27
FAMAS,26,Neural Net,Falchion Case,431,2,0.0,0.6,FT,2,1,1.49
FAMAS,26,Neural Net,Falchion Case,431,2,0.0,0.6,WW,3,1,2.11
FAMAS,26,Neural Net,Falchion Case,431,2,0.0,0.6,BS,4,1,1.42
FAMAS,26,Neural Net,Falchion Case,431,2,0.0,0.6,FN,0,0,1.86
FAMAS,26,Neural Net,Falchion Case,431,2,0.0,0.6,MW,1,0,1.11
FAMAS,26,Neural Net,Falchion Case,431,2,0.0,0.6,FT,2,0,0.7
FAMAS,26,Neural Net,Falchion Case,431,2,0.0,0.6,WW,3,0,0.74
FAMAS,26,Neural Net,Falchion Case,431,2,0.0,0.6,BS,4,0,0.76
FAMAS,26,Sergeant,Operation Phoenix Weapon Case,432,2,0.1,1.0,MW,1,1,12.54
FAMAS,26,Sergeant,Operation Phoenix Weapon Case,432,2,0.1,1.0,FT,2,1,3.75
FAMAS,26,Sergeant,Operation Phoenix Weapon Case,432,2,0.1,1.0,WW,3,1,4.16
FAMAS,26,Sergeant,Operation Phoenix Weapon Case,432,2,0.1,1.0,BS,4,1,3.15
FAMAS,26,Sergeant,Operation Phoenix Weapon Case,432,2,0.1,1.0,MW,1,0,4.79
FAMAS,26,Sergeant,Operation Phoenix Weapon Case,432,2,0.1,1.0,FT,2,0,2.2
FAMAS,26,Sergeant,Operation Phoenix Weapon Case,432,2,0.1,1.0,WW,3,0,1.96
FAMAS,26,Sergeant,Operation Phoenix Weapon Case,432,2,0.1,1.0,BS,4,0,1.58
FAMAS,26,Pulse,Winter Offensive Weapon Case,112,2,0.0,0.4,FN,0,1,15.73
FAMAS,26,Pulse,Winter Offensive Weapon Case,112,2,0.0,0.4,MW,1,1,13.5
FAMAS,26,Pulse,Winter Offensive Weapon Case,112,2,0.0,0.4,FT,2,1,12.39
FAMAS,26,Pulse,Winter Offensive Weapon Case,112,2,0.0,0.4,WW,3,1,15.58
FAMAS,26,Pulse,Winter Offensive Weapon Case,112,2,0.0,0.4,FN,0,0,7.36
FAMAS,26,Pulse,Winter Offensive Weapon Case,112,2,0.0,0.4,MW,1,0,6.11
FAMAS,26,Pulse,Winter Offensive Weapon Case,112,2,0.0,0.4,FT,2,0,5.77
FAMAS,26,Pulse,Winter Offensive Weapon Case,112,2,0.0,0.4,WW,3,0,8.32
FAMAS,26,Meow 36,Recoil Case,433,1,0.0,1.0,FN,0,1,1.77
FAMAS,26,Meow 36,Recoil Case,433,1,0.0,1.0,MW,1,1,0.34
FAMAS,26,Meow 36,Recoil Case,433,1,0.0,1.0,FT,2,1,0.14
FAMAS,26,Meow 36,Recoil Case,433,1,0.0,1.0,WW,3,1,0.12
FAMAS,26,Meow 36,Recoil Case,433,1,0.0,1.0,BS,4,1,0.12
FAMAS,26,Meow 36,Recoil Case,433,1,0.0,1.0,FN,0,0,0.34
FAMAS,26,Meow 36,Recoil Case,433,1,0.0,1.0,MW,1,0,0.13
FAMAS,26,Meow 36,Recoil Case,433,1,0.0,1.0,FT,2,0,0.08
FAMAS,26,Meow 36,Recoil Case,433,1,0.0,1.0,WW,3,0,0.07
FAMAS,26,Meow 36,Recoil Case,433,1,0.0,1.0,BS,4,0,0.07
FAMAS,26,Decommissioned,CS20 Case,434,1,0.0,1.0,FN,0,1,2.94
FAMAS,26,Decommissioned,CS20 Case,434,1,0.0,1.0,MW,1,1,0.47
FAMAS,26,Decommissioned,CS20 Case,434,1,0.0,1.0,FT,2,1,0.21
FAMAS,26,Decommissioned,CS20 Case,434,1,0.0,1.0,WW,3,1,0.16
FAMAS,26,Decommissioned,CS20 Case,434,1,0.0,1.0,BS,4,1,0.15
FAMAS,26,Decommissioned,CS20 Case,434,1,0.0,1.0,FN,0,0,0.49
FAMAS,26,Decommissioned,CS20 Case,434,1,0.0,1.0,MW,1,0,0.14
FAMAS,26,Decommissioned,CS20 Case,434,1,0.0,1.0,FT,2,0,0.15
FAMAS,26,Decommissioned,CS20 Case,434,1,0.0,1.0,WW,3,0,0.1
FAMAS,26,Decommissioned,CS20 Case,434,1,0.0,1.0,BS,4,0,0.09
FAMAS,26,Crypsis,Prisma Case,435,1,0.0,0.55,FN,0,1,1.85
FAMAS,26,Crypsis,Prisma Case,435,1,0.0,0.55,MW,1,1,0.77
FAMAS,26,Crypsis,Prisma Case,435,1,0.0,0.55,FT,2,1,0.29
FAMAS,26,Crypsis,Prisma Case,435,1,0.0,0.55,WW,3,1,0.29
FAMAS,26,Crypsis,Prisma Case,435,1,0.0,0.55,BS,4,1,0.24
FAMAS,26,Crypsis,Prisma Case,435,1,0.0,0.55,FN,0,0,0.51
FAMAS,26,Crypsis,Prisma Case,435,1,0.0,0.55,MW,1,0,0.24
FAMAS,26,Crypsis,Prisma Case,435,1,0.0,0.55,FT,2,0,0.13
FAMAS,26,Crypsis,Prisma Case,435,1,0.0,0.55,WW,3,0,0.14
FAMAS,26,Crypsis,Prisma Case,435,1,0.0,0.55,BS,4,0,0.11
FAMAS,26,Macabre,Operation Hydra Case,436,1,0.0,0.6,FN,0,1,6.16
FAMAS,26,Macabre,Operation Hydra Case,436,1,0.0,0.6,MW,1,1,5.03
FAMAS,26,Macabre,Operation Hydra Case,436,1,0.0,0.6,FT,2,1,4.11
FAMAS,26,Macabre,Operation Hydra Case,436,1,0.0,0.6,WW,3,1,4.14
FAMAS,26,Macabre,Operation Hydra Case,436,1,0.0,0.6,BS,4,1,3.91
FAMAS,26,Macabre,Operation Hydra Case,436,1,0.0,0.6,FN,0,0,3.26
FAMAS,26,Macabre,Operation Hydra Case,436,1,0.0,0.6,MW,1,0,2.72
FAMAS,26,Macabre,Operation Hydra Case,436,1,0.0,0.6,FT,2,0,4.0
FAMAS,26,Macabre,Operation Hydra Case,436,1,0.0,0.6,WW,3,0,3.26
FAMAS,26,Macabre,Operation Hydra Case,436,1,0.0,0.6,BS,4,0,2.43
FAMAS,26,Survivor Z,Shadow Case,437,1,0.0,0.6,FN,0,1,1.89
FAMAS,26,Survivor Z,Shadow Case,437,1,0.0,0.6,MW,1,1,1.07
FAMAS,26,Survivor Z,Shadow Case,437,1,0.0,0.6,FT,2,1,0.51
FAMAS,26,Survivor Z,Shadow Case,437,1,0.0,0.6,WW,3,1,1.03
FAMAS,26,Survivor Z,Shadow Case,437,1,0.0,0.6,BS,4,1,0.54
FAMAS,26,Survivor Z,Shadow Case,437,1,0.0,0.6,FN,0,0,0.54
FAMAS,26,Survivor Z,Shadow Case,437,1,0.0,0.6,MW,1,0,0.35
FAMAS,26,Survivor Z,Shadow Case,437,1,0.0,0.6,FT,2,0,0.15
FAMAS,26,Survivor Z,Shadow Case,437,1,0.0,0.6,WW,3,0,0.21
FAMAS,26,Survivor Z,Shadow Case,437,1,0.0,0.6,BS,4,0,0.12
FAMAS,26,Hexane,CS:GO Weapon Case 2,15,1,0.0,0.4,FN,0,1,9.51
FAMAS,26,Hexane,CS:GO Weapon Case 2,15,1,0.0,0.4,MW,1,1,7.7
FAMAS,26,Hexane,CS:GO Weapon Case 2,15,1,0.0,0.4,FT,2,1,6.57
FAMAS,26,Hexane,CS:GO Weapon Case 2,15,1,0.0,0.4,WW,3,1,6.44
FAMAS,26,Hexane,CS:GO Weapon Case 2,15,1,0.0,0.4,FN,0,0,6.91
FAMAS,26,Hexane,CS:GO Weapon Case 2,15,1,0.0,0.4,MW,1,0,5.63
FAMAS,26,Hexane,CS:GO Weapon Case 2,15,1,0.0,0.4,FT,2,0,5.25
FAMAS,26,Hexane,CS:GO Weapon Case 2,15,1,0.0,0.4,WW,3,0,6.03
FAMAS,26,Doomkitty,eSports 2013 Case,438,1,0.08,0.22,MW,1,1,4.15
FAMAS,26,Doomkitty,eSports 2013 Case,438,1,0.08,0.22,FT,2,1,3.94
FAMAS,26,Doomkitty,eSports 2013 Case,438,1,0.08,0.22,MW,1,0,4.02
FAMAS,26,Doomkitty,eSports 2013 Case,438,1,0.08,0.22,FT,2,0,3.95
G3SG1,27,The Executioner,Revolver Case,439,3,0.14,0.85,MW,1,1,67.91
G3SG1,27,The Executioner,Revolver Case,439,3,0.14,0.85,FT,2,1,3.77
G3SG1,27,The Executioner,Revolver Case,439,3,0.14,0.85,WW,3,1,3.13
G3SG1,27,The Executioner,Revolver Case,439,3,0.14,0.85,BS,4,1,3.24
G3SG1,27,The Executioner,Revolver Case,439,3,0.14,0.85,MW,1,0,12.99
G3SG1,27,The Executioner,Revolver Case,439,3,0.14,0.85,FT,2,0,1.65
G3SG1,27,The Executioner,Revolver Case,439,3,0.14,0.85,WW,3,0,1.34
G3SG1,27,The Executioner,Revolver Case,439,3,0.14,0.85,BS,4,0,1.42
G3SG1,27,Flux,Shadow Case,440,3,0.0,0.9,FN,0,1,69.39
G3SG1,27,Flux,Shadow Case,440,3,0.0,0.9,MW,1,1,40.97
G3SG1,27,Flux,Shadow Case,440,3,0.0,0.9,FT,2,1,18.6
G3SG1,27,Flux,Shadow Case,440,3,0.0,0.9,WW,3,1,12.89
G3SG1,27,Flux,Shadow Case,440,3,0.0,0.9,BS,4,1,14.09
G3SG1,27,Flux,Shadow Case,440,3,0.0,0.9,FN,0,0,23.99
G3SG1,27,Flux,Shadow Case,440,3,0.0,0.9,MW,1,0,12.58
G3SG1,27,Flux,Shadow Case,440,3,0.0,0.9,FT,2,0,7.72
G3SG1,27,Flux,Shadow Case,440,3,0.0,0.9,WW,3,0,6.69
G3SG1,27,Flux,Shadow Case,440,3,0.0,0.9,BS,4,0,5.26
G3SG1,27,Dream Glade,Dreams & Nightmares Case,441,2,0.0,1.0,FN,0,1,3.81
G3SG1,27,Dream Glade,Dreams & Nightmares Case,441,2,0.0,1.0,MW,1,1,1.09
G3SG1,27,Dream Glade,Dreams & Nightmares Case,441,2,0.0,1.0,FT,2,1,0.42
G3SG1,27,Dream Glade,Dreams & Nightmares Case,441,2,0.0,1.0,WW,3,1,0.38
G3SG1,27,Dream Glade,Dreams & Nightmares Case,441,2,0.0,1.0,BS,4,1,0.37
G3SG1,27,Dream Glade,Dreams & Nightmares Case,441,2,0.0,1.0,FN,0,0,1.29
G3SG1,27,Dream Glade,Dreams & Nightmares Case,441,2,0.0,1.0,MW,1,0,0.48
G3SG1,27,Dream Glade,Dreams & Nightmares Case,441,2,0.0,1.0,FT,2,0,0.23
G3SG1,27,Dream Glade,Dreams & Nightmares Case,441,2,0.0,1.0,WW,3,0,0.25
G3SG1,27,Dream Glade,Dreams & Nightmares Case,441,2,0.0,1.0,BS,4,0,0.23
G3SG1,27,Scavenger,Danger Zone Case,442,2,0.0,0.65,FN,0,1,4.18
G3SG1,27,Scavenger,Danger Zone Case,442,2,0.0,0.65,MW,1,1,1.8
G3SG1,27,Scavenger,Danger Zone Case,442,2,0.0,0.65,FT,2,1,0.95
G3SG1,27,Scavenger,Danger Zone Case,442,2,0.0,0.65,WW,3,1,0.87
G3SG1,27,Scavenger,Danger Zone Case,442,2,0.0,0.65,BS,4,1,0.83
G3SG1,27,Scavenger,Danger Zone Case,442,2,0.0,0.65,FN,0,0,1.39
G3SG1,27,Scavenger,Danger Zone Case,442,2,0.0,0.65,MW,1,0,0.78
G3SG1,27,Scavenger,Danger Zone Case,442,2,0.0,0.65,FT,2,0,0.48
G3SG1,27,Scavenger,Danger Zone Case,442,2,0.0,0.65,WW,3,0,0.54
G3SG1,27,Scavenger,Danger Zone Case,442,2,0.0,0.65,BS,4,0,0.5
G3SG1,27,High Seas,Horizon Case,443,2,0.0,0.7,FN,0,1,7.61
G3SG1,27,High Seas,Horizon Case,443,2,0.0,0.7,MW,1,1,3.49
G3SG1,27,High Seas,Horizon Case,443,2,0.0,0.7,FT,2,1,1.5
G3SG1,27,High Seas,Horizon Case,443,2,0.0,0.7,WW,3,1,1.81
G3SG1,27,High Seas,Horizon Case,443,2,0.0,0.7,BS,4,1,1.16
G3SG1,27,High Seas,Horizon Case,443,2,0.0,0.7,FN,0,0,2.99
G3SG1,27,High Seas,Horizon Case,443,2,0.0,0.7,MW,1,0,1.47
G3SG1,27,High Seas,Horizon Case,443,2,0.0,0.7,FT,2,0,0.78
G3SG1,27,High Seas,Horizon Case,443,2,0.0,0.7,WW,3,0,0.61
G3SG1,27,High Seas,Horizon Case,443,2,0.0,0.7,BS,4,0,0.51
G3SG1,27,Stinger,Glove Case,444,2,0.0,0.7,FN,0,1,3.7
G3SG1,27,Stinger,Glove Case,444,2,0.0,0.7,MW,1,1,1.7
G3SG1,27,Stinger,Glove Case,444,2,0.0,0.7,FT,2,1,0.72
G3SG1,27,Stinger,Glove Case,444,2,0.0,0.7,WW,3,1,0.66
G3SG1,27,Stinger,Glove Case,444,2,0.0,0.7,BS,4,1,0.54
G3SG1,27,Stinger,Glove Case,444,2,0.0,0.7,FN,0,0,1.27
G3SG1,27,Stinger,Glove Case,444,2,0.0,0.7,MW,1,0,0.65
G3SG1,27,Stinger,Glove Case,444,2,0.0,0.7,FT,2,0,0.36
G3SG1,27,Stinger,Glove Case,444,2,0.0,0.7,WW,3,0,0.57
G3SG1,27,Stinger,Glove Case,444,2,0.0,0.7,BS,4,0,0.28
G3SG1,27,Keeping Tabs,Operation Riptide Case,445,1,0.0,0.7,FN,0,1,3.76
G3SG1,27,Keeping Tabs,Operation Riptide Case,445,1,0.0,0.7,MW,1,1,2.5
G3SG1,27,Keeping Tabs,Operation Riptide Case,445,1,0.0,0.7,FT,2,1,0.8
G3SG1,27,Keeping Tabs,Operation Riptide Case,445,1,0.0,0.7,WW,3,1,0.47
G3SG1,27,Keeping Tabs,Operation Riptide Case,445,1,0.0,0.7,BS,4,1,0.38
G3SG1,27,Keeping Tabs,Operation Riptide Case,445,1,0.0,0.7,FN,0,0,1.34
G3SG1,27,Keeping Tabs,Operation Riptide Case,445,1,0.0,0.7,MW,1,0,0.76
G3SG1,27,Keeping Tabs,Operation Riptide Case,445,1,0.0,0.7,FT,2,0,0.37
G3SG1,27,Keeping Tabs,Operation Riptide Case,445,1,0.0,0.7,WW,3,0,0.28
G3SG1,27,Keeping Tabs,Operation Riptide Case,445,1,0.0,0.7,BS,4,0,0.31
G3SG1,27,Digital Mesh,Operation Broken Fang Case,446,1,0.0,0.8,FN,0,1,2.42
G3SG1,27,Digital Mesh,Operation Broken Fang Case,446,1,0.0,0.8,MW,1,1,1.23
G3SG1,27,Digital Mesh,Operation Broken Fang Case,446,1,0.0,0.8,FT,2,1,0.42
G3SG1,27,Digital Mesh,Operation Broken Fang Case,446,1,0.0,0.8,WW,3,1,0.4
G3SG1,27,Digital Mesh,Operation Broken Fang Case,446,1,0.0,0.8,BS,4,1,0.35
G3SG1,27,Digital Mesh,Operation Broken Fang Case,446,1,0.0,0.8,FN,0,0,0.96
G3SG1,27,Digital Mesh,Operation Broken Fang Case,446,1,0.0,0.8,MW,1,0,0.57
G3SG1,27,Digital Mesh,Operation Broken Fang Case,446,1,0.0,0.8,FT,2,0,0.52
G3SG1,27,Digital Mesh,Operation Broken Fang Case,446,1,0.0,0.8,WW,3,0,0.49
G3SG1,27,Digital Mesh,Operation Broken Fang Case,446,1,0.0,0.8,BS,4,0,0.41
G3SG1,27,Black Sand,Shattered Web Case,239,1,0.0,0.8,FN,0,1,3.15
G3SG1,27,Black Sand,Shattered Web Case,239,1,0.0,0.8,MW,1,1,1.99
G3SG1,27,Black Sand,Shattered Web Case,239,1,0.0,0.8,FT,2,1,0.75
G3SG1,27,Black Sand,Shattered Web Case,239,1,0.0,0.8,WW,3,1,1.74
G3SG1,27,Black Sand,Shattered Web Case,239,1,0.0,0.8,BS,4,1,0.82
G3SG1,27,Black Sand,Shattered Web Case,239,1,0.0,0.8,FN,0,0,1.65
G3SG1,27,Black Sand,Shattered Web Case,239,1,0.0,0.8,MW,1,0,1.03
G3SG1,27,Black Sand,Shattered Web Case,239,1,0.0,0.8,FT,2,0,1.1
G3SG1,27,Black Sand,Shattered Web Case,239,1,0.0,0.8,WW,3,0,1.45
G3SG1,27,Black Sand,Shattered Web Case,239,1,0.0,0.8,BS,4,0,1.08
G3SG1,27,Hunter,Spectrum 2 Case,447,1,0.0,1.0,FN,0,1,1.16
G3SG1,27,Hunter,Spectrum 2 Case,447,1,0.0,1.0,MW,1,1,0.34
G3SG1,27,Hunter,Spectrum 2 Case,447,1,0.0,1.0,FT,2,1,0.19
G3SG1,27,Hunter,Spectrum 2 Case,447,1,0.0,1.0,WW,3,1,0.11
G3SG1,27,Hunter,Spectrum 2 Case,447,1,0.0,1.0,BS,4,1,0.11
G3SG1,27,Hunter,Spectrum 2 Case,447,1,0.0,1.0,FN,0,0,0.28
G3SG1,27,Hunter,Spectrum 2 Case,447,1,0.0,1.0,MW,1,0,0.13
G3SG1,27,Hunter,Spectrum 2 Case,447,1,0.0,1.0,FT,2,0,0.09
G3SG1,27,Hunter,Spectrum 2 Case,447,1,0.0,1.0,WW,3,0,0.07
G3SG1,27,Hunter,Spectrum 2 Case,447,1,0.0,1.0,BS,4,0,0.07
G3SG1,27,Ventilator,Gamma 2 Case,448,1,0.0,0.45,FN,0,1,0.92
G3SG1,27,Ventilator,Gamma 2 Case,448,1,0.0,0.45,MW,1,1,0.28
G3SG1,27,Ventilator,Gamma 2 Case,448,1,0.0,0.45,FT,2,1,0.13
G3SG1,27,Ventilator,Gamma 2 Case,448,1,0.0,0.45,WW,3,1,0.15
G3SG1,27,Ventilator,Gamma 2 Case,448,1,0.0,0.45,FN,0,0,0.23
G3SG1,27,Ventilator,Gamma 2 Case,448,1,0.0,0.45,MW,1,0,0.11
G3SG1,27,Ventilator,Gamma 2 Case,448,1,0.0,0.45,FT,2,0,0.08
G3SG1,27,Ventilator,Gamma 2 Case,448,1,0.0,0.45,WW,3,0,0.07
G3SG1,27,Orange Crash,Chroma 3 Case,449,1,0.0,0.52,FN,0,1,1.1
G3SG1,27,Orange Crash,Chroma 3 Case,449,1,0.0,0.52,MW,1,1,0.41
G3SG1,27,Orange Crash,Chroma 3 Case,449,1,0.0,0.52,FT,2,1,0.15
G3SG1,27,Orange Crash,Chroma 3 Case,449,1,0.0,0.52,WW,3,1,0.18
G3SG1,27,Orange Crash,Chroma 3 Case,449,1,0.0,0.52,BS,4,1,0.15
G3SG1,27,Orange Crash,Chroma 3 Case,449,1,0.0,0.52,FN,0,0,0.25
G3SG1,27,Orange Crash,Chroma 3 Case,449,1,0.0,0.52,MW,1,0,0.12
G3SG1,27,Orange Crash,Chroma 3 Case,449,1,0.0,0.52,FT,2,0,0.08
G3SG1,27,Orange Crash,Chroma 3 Case,449,1,0.0,0.52,WW,3,0,0.08
G3SG1,27,Orange Crash,Chroma 3 Case,449,1,0.0,0.52,BS,4,0,0.08
G3SG1,27,Murky,Operation Vanguard Weapon Case,450,1,0.0,0.25,FN,0,1,2.49
G3SG1,27,Murky,Operation Vanguard Weapon Case,450,1,0.0,0.25,MW,1,1,2.04
G3SG1,27,Murky,Operation Vanguard Weapon Case,450,1,0.0,0.25,FT,2,1,1.29
G3SG1,27,Murky,Operation Vanguard Weapon Case,450,1,0.0,0.25,FN,0,0,0.64
G3SG1,27,Murky,Operation Vanguard Weapon Case,450,1,0.0,0.25,MW,1,0,0.55
G3SG1,27,Murky,Operation Vanguard Weapon Case,450,1,0.0,0.25,FT,2,0,0.46
G3SG1,27,Azure Zebra,eSports 2013 Winter Case,451,1,0.0,0.28,FN,0,1,6.1
G3SG1,27,Azure Zebra,eSports 2013 Winter Case,451,1,0.0,0.28,MW,1,1,4.99
G3SG1,27,Azure Zebra,eSports 2013 Winter Case,451,1,0.0,0.28,FT,2,1,4.77
G3SG1,27,Azure Zebra,eSports 2013 Winter Case,451,1,0.0,0.28,FN,0,0,1.62
G3SG1,27,Azure Zebra,eSports 2013 Winter Case,451,1,0.0,0.28,MW,1,0,1.4
G3SG1,27,Azure Zebra,eSports 2013 Winter Case,451,1,0.0,0.28,FT,2,0,1.45
G3SG1,27,Demeter,Operation Bravo Case,452,1,0.06,0.8,FN,0,1,67.91
G3SG1,27,Demeter,Operation Bravo Case,452,1,0.06,0.8,MW,1,1,8.48
G3SG1,27,Demeter,Operation Bravo Case,452,1,0.06,0.8,FT,2,1,6.7
G3SG1,27,Demeter,Operation Bravo Case,452,1,0.06,0.8,WW,3,1,6.87
G3SG1,27,Demeter,Operation Bravo Case,452,1,0.06,0.8,BS,4,1,6.28
G3SG1,27,Demeter,Operation Bravo Case,452,1,0.06,0.8,FN,0,0,18.43
G3SG1,27,Demeter,Operation Bravo Case,452,1,0.06,0.8,MW,1,0,8.65
G3SG1,27,Demeter,Operation Bravo Case,452,1,0.06,0.8,FT,2,0,8.05
G3SG1,27,Demeter,Operation Bravo Case,452,1,0.06,0.8,WW,3,0,7.66
G3SG1,27,Demeter,Operation Bravo Case,452,1,0.06,0.8,BS,4,0,6.33
Galil AR,28,Chatterbox,Chroma Case,453,4,0.35,0.85,FT,2,1,559.27
Galil AR,28,Chatterbox,Chroma Case,453,4,0.35,0.85,WW,3,1,73.14
Galil AR,28,Chatterbox,Chroma Case,453,4,0.35,0.85,BS,4,1,36.87
Galil AR,28,Chatterbox,Chroma Case,453,4,0.35,0.85,FT,2,0,79.95
Galil AR,28,Chatterbox,Chroma Case,453,4,0.35,0.85,WW,3,0,15.11
Galil AR,28,Chatterbox,Chroma Case,453,4,0.35,0.85,BS,4,0,8.06
Galil AR,28,Chromatic Aberration,Snakebite Case,409,3,0.0,1.0,FN,0,1,35.69
Galil AR,28,Chromatic Aberration,Snakebite Case,409,3,0.0,1.0,MW,1,1,10.51
Galil AR,28,Chromatic Aberration,Snakebite Case,409,3,0.0,1.0,FT,2,1,4.49
Galil AR,28,Chromatic Aberration,Snakebite Case,409,3,0.0,1.0,WW,3,1,3.48
Galil AR,28,Chromatic Aberration,Snakebite Case,409,3,0.0,1.0,BS,4,1,3.07
Galil AR,28,Chromatic Aberration,Snakebite Case,409,3,0.0,1.0,FN,0,0,10.06
Galil AR,28,Chromatic Aberration,Snakebite Case,409,3,0.0,1.0,MW,1,0,3.98
Galil AR,28,Chromatic Aberration,Snakebite Case,409,3,0.0,1.0,FT,2,0,1.78
Galil AR,28,Chromatic Aberration,Snakebite Case,409,3,0.0,1.0,WW,3,0,1.29
Galil AR,28,Chromatic Aberration,Snakebite Case,409,3,0.0,1.0,BS,4,0,1.27
Galil AR,28,Sugar Rush,Operation Hydra Case,454,3,0.0,0.55,FN,0,1,219.23
Galil AR,28,Sugar Rush,Operation Hydra Case,454,3,0.0,0.55,FT,2,1,106.35
Galil AR,28,Sugar Rush,Operation Hydra Case,454,3,0.0,0.55,WW,3,1,181.81
Galil AR,28,Sugar Rush,Operation Hydra Case,454,3,0.0,0.55,BS,4,1,106.76
Galil AR,28,Sugar Rush,Operation Hydra Case,454,3,0.0,0.55,FN,0,0,77.71
Galil AR,28,Sugar Rush,Operation Hydra Case,454,3,0.0,0.55,MW,1,0,55.0
Galil AR,28,Sugar Rush,Operation Hydra Case,454,3,0.0,0.55,FT,2,0,49.33
Galil AR,28,Sugar Rush,Operation Hydra Case,454,3,0.0,0.55,WW,3,0,50.3
Galil AR,28,Sugar Rush,Operation Hydra Case,454,3,0.0,0.55,BS,4,0,46.62
Galil AR,28,Eco,Chroma 2 Case,4,3,0.1,0.85,MW,1,1,79.7
Galil AR,28,Eco,Chroma 2 Case,4,3,0.1,0.85,FT,2,1,9.0
Galil AR,28,Eco,Chroma 2 Case,4,3,0.1,0.85,WW,3,1,6.0
Galil AR,28,Eco,Chroma 2 Case,4,3,0.1,0.85,BS,4,1,5.75
Galil AR,28,Eco,Chroma 2 Case,4,3,0.1,0.85,MW,1,0,34.5
Galil AR,28,Eco,Chroma 2 Case,4,3,0.1,0.85,FT,2,0,4.33
Galil AR,28,Eco,Chroma 2 Case,4,3,0.1,0.85,WW,3,0,3.06
Galil AR,28,Eco,Chroma 2 Case,4,3,0.1,0.85,BS,4,0,2.89
Galil AR,28,Connexion,Fracture Case,455,2,0.0,0.8,FN,0,1,4.48
Galil AR,28,Connexion,Fracture Case,455,2,0.0,0.8,MW,1,1,1.78
Galil AR,28,Connexion,Fracture Case,455,2,0.0,0.8,FT,2,1,0.74
Galil AR,28,Connexion,Fracture Case,455,2,0.0,0.8,WW,3,1,0.92
Galil AR,28,Connexion,Fracture Case,455,2,0.0,0.8,BS,4,1,0.52
Galil AR,28,Connexion,Fracture Case,455,2,0.0,0.8,FN,0,0,1.51
Galil AR,28,Connexion,Fracture Case,455,2,0.0,0.8,MW,1,0,0.77
Galil AR,28,Connexion,Fracture Case,455,2,0.0,0.8,FT,2,0,0.37
Galil AR,28,Connexion,Fracture Case,455,2,0.0,0.8,WW,3,0,0.3
Galil AR,28,Connexion,Fracture Case,455,2,0.0,0.8,BS,4,0,0.26
Galil AR,28,Signal,Danger Zone Case,456,2,0.0,0.5,FN,0,1,3.99
Galil AR,28,Signal,Danger Zone Case,456,2,0.0,0.5,MW,1,1,2.1
Galil AR,28,Signal,Danger Zone Case,456,2,0.0,0.5,FT,2,1,1.15
Galil AR,28,Signal,Danger Zone Case,456,2,0.0,0.5,WW,3,1,1.78
Galil AR,28,Signal,Danger Zone Case,456,2,0.0,0.5,BS,4,1,1.08
Galil AR,28,Signal,Danger Zone Case,456,2,0.0,0.5,FN,0,0,1.38
Galil AR,28,Signal,Danger Zone Case,456,2,0.0,0.5,MW,1,0,0.78
Galil AR,28,Signal,Danger Zone Case,456,2,0.0,0.5,FT,2,0,0.5
Galil AR,28,Signal,Danger Zone Case,456,2,0.0,0.5,WW,3,0,0.46
Galil AR,28,Signal,Danger Zone Case,456,2,0.0,0.5,BS,4,0,0.46
Galil AR,28,Crimson Tsunami,Spectrum Case,457,2,0.0,0.55,FN,0,1,8.89
Galil AR,28,Crimson Tsunami,Spectrum Case,457,2,0.0,0.55,MW,1,1,5.54
Galil AR,28,Crimson Tsunami,Spectrum Case,457,2,0.0,0.55,FT,2,1,2.85
Galil AR,28,Crimson Tsunami,Spectrum Case,457,2,0.0,0.55,WW,3,1,2.85
Galil AR,28,Crimson Tsunami,Spectrum Case,457,2,0.0,0.55,BS,4,1,2.58
Galil AR,28,Crimson Tsunami,Spectrum Case,457,2,0.0,0.55,FN,0,0,3.04
Galil AR,28,Crimson Tsunami,Spectrum Case,457,2,0.0,0.55,MW,1,0,1.8
Galil AR,28,Crimson Tsunami,Spectrum Case,457,2,0.0,0.55,FT,2,0,1.47
Galil AR,28,Crimson Tsunami,Spectrum Case,457,2,0.0,0.55,WW,3,0,1.69
Galil AR,28,Crimson Tsunami,Spectrum Case,457,2,0.0,0.55,BS,4,0,1.4
Galil AR,28,Firefight,Chroma 3 Case,458,2,0.0,1.0,FN,0,1,8.78
Galil AR,28,Firefight,Chroma 3 Case,458,2,0.0,1.0,MW,1,1,2.49
Galil AR,28,Firefight,Chroma 3 Case,458,2,0.0,1.0,FT,2,1,0.83
Galil AR,28,Firefight,Chroma 3 Case,458,2,0.0,1.0,WW,3,1,0.62
Galil AR,28,Firefight,Chroma 3 Case,458,2,0.0,1.0,BS,4,1,0.55
Galil AR,28,Firefight,Chroma 3 Case,458,2,0.0,1.0,FN,0,0,2.24
Galil AR,28,Firefight,Chroma 3 Case,458,2,0.0,1.0,MW,1,0,0.75
Galil AR,28,Firefight,Chroma 3 Case,458,2,0.0,1.0,FT,2,0,0.36
Galil AR,28,Firefight,Chroma 3 Case,458,2,0.0,1.0,WW,3,0,0.27
Galil AR,28,Firefight,Chroma 3 Case,458,2,0.0,1.0,BS,4,0,0.25
Galil AR,28,Stone Cold,Shadow Case,459,2,0.0,0.9,FN,0,1,27.57
Galil AR,28,Stone Cold,Shadow Case,459,2,0.0,0.9,MW,1,1,8.39
Galil AR,28,Stone Cold,Shadow Case,459,2,0.0,0.9,FT,2,1,3.72
Galil AR,28,Stone Cold,Shadow Case,459,2,0.0,0.9,WW,3,1,4.0
Galil AR,28,Stone Cold,Shadow Case,459,2,0.0,0.9,BS,4,1,2.76
Galil AR,28,Stone Cold,Shadow Case,459,2,0.0,0.9,FN,0,0,7.65
Galil AR,28,Stone Cold,Shadow Case,459,2,0.0,0.9,MW,1,0,3.16
Galil AR,28,Stone Cold,Shadow Case,459,2,0.0,0.9,FT,2,0,1.54
Galil AR,28,Stone Cold,Shadow Case,459,2,0.0,0.9,WW,3,0,1.49
Galil AR,28,Stone Cold,Shadow Case,459,2,0.0,0.9,BS,4,0,1.0
Galil AR,28,Orange DDPAT,eSports 2013 Case,334,2,0.06,0.8,MW,1,1,43.37
Galil AR,28,Orange DDPAT,eSports 2013 Case,334,2,0.06,0.8,FT,2,1,24.76
Galil AR,28,Orange DDPAT,eSports 2013 Case,334,2,0.06,0.8,WW,3,1,21.07
Galil AR,28,Orange DDPAT,eSports 2013 Case,334,2,0.06,0.8,BS,4,1,24.97
Galil AR,28,Orange DDPAT,eSports 2013 Case,334,2,0.06,0.8,FN,0,0,78.74
Galil AR,28,Orange DDPAT,eSports 2013 Case,334,2,0.06,0.8,MW,1,0,21.0
Galil AR,28,Orange DDPAT,eSports 2013 Case,334,2,0.06,0.8,FT,2,0,13.5
Galil AR,28,Orange DDPAT,eSports 2013 Case,334,2,0.06,0.8,WW,3,0,13.8
Galil AR,28,Orange DDPAT,eSports 2013 Case,334,2,0.06,0.8,BS,4,0,15.98
Galil AR,28,Destroyer,Recoil Case,460,1,0.0,0.7,FN,0,1,0.99
Galil AR,28,Destroyer,Recoil Case,460,1,0.0,0.7,MW,1,1,0.37
Galil AR,28,Destroyer,Recoil Case,460,1,0.0,0.7,FT,2,1,0.15
Galil AR,28,Destroyer,Recoil Case,460,1,0.0,0.7,WW,3,1,0.21
Galil AR,28,Destroyer,Recoil Case,460,1,0.0,0.7,BS,4,1,0.15
Galil AR,28,Destroyer,Recoil Case,460,1,0.0,0.7,FN,0,0,0.23
Galil AR,28,Destroyer,Recoil Case,460,1,0.0,0.7,MW,1,0,0.13
Galil AR,28,Destroyer,Recoil Case,460,1,0.0,0.7,FT,2,0,0.08
Galil AR,28,Destroyer,Recoil Case,460,1,0.0,0.7,WW,3,0,0.07
Galil AR,28,Destroyer,Recoil Case,460,1,0.0,0.7,BS,4,0,0.07
Galil AR,28,Vandal,Operation Broken Fang Case,461,1,0.0,1.0,FN,0,1,5.77
Galil AR,28,Vandal,Operation Broken Fang Case,461,1,0.0,1.0,MW,1,1,1.28
Galil AR,28,Vandal,Operation Broken Fang Case,461,1,0.0,1.0,FT,2,1,0.57
Galil AR,28,Vandal,Operation Broken Fang Case,461,1,0.0,1.0,WW,3,1,0.35
Galil AR,28,Vandal,Operation Broken Fang Case,461,1,0.0,1.0,BS,4,1,0.36
Galil AR,28,Vandal,Operation Broken Fang Case,461,1,0.0,1.0,FN,0,0,1.2
Galil AR,28,Vandal,Operation Broken Fang Case,461,1,0.0,1.0,MW,1,0,0.55
Galil AR,28,Vandal,Operation Broken Fang Case,461,1,0.0,1.0,FT,2,0,0.53
Galil AR,28,Vandal,Operation Broken Fang Case,461,1,0.0,1.0,WW,3,0,0.41
Galil AR,28,Vandal,Operation Broken Fang Case,461,1,0.0,1.0,BS,4,0,0.42
Galil AR,28,Akoben,Prisma Case,225,1,0.0,0.75,FN,0,1,1.8
Galil AR,28,Akoben,Prisma Case,225,1,0.0,0.75,MW,1,1,0.83
Galil AR,28,Akoben,Prisma Case,225,1,0.0,0.75,FT,2,1,0.28
Galil AR,28,Akoben,Prisma Case,225,1,0.0,0.75,WW,3,1,0.98
Galil AR,28,Akoben,Prisma Case,225,1,0.0,0.75,BS,4,1,0.26
Galil AR,28,Akoben,Prisma Case,225,1,0.0,0.75,FN,0,0,0.55
Galil AR,28,Akoben,Prisma Case,225,1,0.0,0.75,MW,1,0,0.28
Galil AR,28,Akoben,Prisma Case,225,1,0.0,0.75,FT,2,0,0.16
Galil AR,28,Akoben,Prisma Case,225,1,0.0,0.75,WW,3,0,0.25
Galil AR,28,Akoben,Prisma Case,225,1,0.0,0.75,BS,4,0,0.15
Galil AR,28,Black Sand,Glove Case,239,1,0.0,1.0,FN,0,1,3.53
Galil AR,28,Black Sand,Glove Case,239,1,0.0,1.0,MW,1,1,0.62
Galil AR,28,Black Sand,Glove Case,239,1,0.0,1.0,FT,2,1,0.27
Galil AR,28,Black Sand,Glove Case,239,1,0.0,1.0,WW,3,1,0.23
Galil AR,28,Black Sand,Glove Case,239,1,0.0,1.0,BS,4,1,0.24
Galil AR,28,Black Sand,Glove Case,239,1,0.0,1.0,FN,0,0,0.51
Galil AR,28,Black Sand,Glove Case,239,1,0.0,1.0,MW,1,0,0.15
Galil AR,28,Black Sand,Glove Case,239,1,0.0,1.0,FT,2,0,0.1
Galil AR,28,Black Sand,Glove Case,239,1,0.0,1.0,WW,3,0,0.09
Galil AR,28,Black Sand,Glove Case,239,1,0.0,1.0,BS,4,0,0.08
Galil AR,28,Rocket Pop,Falchion Case,462,1,0.0,1.0,FN,0,1,20.28
Galil AR,28,Rocket Pop,Falchion Case,462,1,0.0,1.0,MW,1,1,4.27
Galil AR,28,Rocket Pop,Falchion Case,462,1,0.0,1.0,FT,2,1,1.52
Galil AR,28,Rocket Pop,Falchion Case,462,1,0.0,1.0,WW,3,1,0.93
Galil AR,28,Rocket Pop,Falchion Case,462,1,0.0,1.0,BS,4,1,0.74
Galil AR,28,Rocket Pop,Falchion Case,462,1,0.0,1.0,FN,0,0,7.63
Galil AR,28,Rocket Pop,Falchion Case,462,1,0.0,1.0,MW,1,0,2.35
Galil AR,28,Rocket Pop,Falchion Case,462,1,0.0,1.0,FT,2,0,0.96
Galil AR,28,Rocket Pop,Falchion Case,462,1,0.0,1.0,WW,3,0,0.46
Galil AR,28,Rocket Pop,Falchion Case,462,1,0.0,1.0,BS,4,0,0.28
Galil AR,28,Kami,Huntsman Weapon Case,73,1,0.0,0.6,FN,0,1,7.2
Galil AR,28,Kami,Huntsman Weapon Case,73,1,0.0,0.6,MW,1,1,3.05
Galil AR,28,Kami,Huntsman Weapon Case,73,1,0.0,0.6,FT,2,1,1.79
Galil AR,28,Kami,Huntsman Weapon Case,73,1,0.0,0.6,WW,3,1,2.04
Galil AR,28,Kami,Huntsman Weapon Case,73,1,0.0,0.6,BS,4,1,1.61
Galil AR,28,Kami,Huntsman Weapon Case,73,1,0.0,0.6,FN,0,0,3.26
Galil AR,28,Kami,Huntsman Weapon Case,73,1,0.0,0.6,MW,1,0,2.78
Galil AR,28,Kami,Huntsman Weapon Case,73,1,0.0,0.6,FT,2,0,2.57
Galil AR,28,Kami,Huntsman Weapon Case,73,1,0.0,0.6,WW,3,0,2.1
Galil AR,28,Kami,Huntsman Weapon Case,73,1,0.0,0.6,BS,4,0,2.68
Galil AR,28,Blue Titanium,eSports 2013 Winter Case,164,1,0.0,0.04,FN,0,1,9.33
Galil AR,28,Blue Titanium,eSports 2013 Winter Case,164,1,0.0,0.04,FN,0,0,3.63
Galil AR,28,Sandstorm,Winter Offensive Weapon Case,163,1,0.1,0.6,MW,1,1,5.59
Galil AR,28,Sandstorm,Winter Offensive Weapon Case,163,1,0.1,0.6,FT,2,1,1.63
Galil AR,28,Sandstorm,Winter Offensive Weapon Case,163,1,0.1,0.6,WW,3,1,2.42
Galil AR,28,Sandstorm,Winter Offensive Weapon Case,163,1,0.1,0.6,BS,4,1,1.46
Galil AR,28,Sandstorm,Winter Offensive Weapon Case,163,1,0.1,0.6,MW,1,0,3.12
Galil AR,28,Sandstorm,Winter Offensive Weapon Case,163,1,0.1,0.6,FT,2,0,1.0
Galil AR,28,Sandstorm,Winter Offensive Weapon Case,163,1,0.1,0.6,WW,3,0,1.19
Galil AR,28,Sandstorm,Winter Offensive Weapon Case,163,1,0.1,0.6,BS,4,0,1.31
Galil AR,28,Shattered,Operation Bravo Case,463,1,0.06,0.8,FN,0,1,114.82
Galil AR,28,Shattered,Operation Bravo Case,463,1,0.06,0.8,MW,1,1,9.5
Galil AR,28,Shattered,Operation Bravo Case,463,1,0.06,0.8,FT,2,1,6.23
Galil AR,28,Shattered,Operation Bravo Case,463,1,0.06,0.8,WW,3,1,6.21
Galil AR,28,Shattered,Operation Bravo Case,463,1,0.06,0.8,BS,4,1,6.64
Galil AR,28,Shattered,Operation Bravo Case,463,1,0.06,0.8,FN,0,0,32.7
Galil AR,28,Shattered,Operation Bravo Case,463,1,0.06,0.8,MW,1,0,7.65
Galil AR,28,Shattered,Operation Bravo Case,463,1,0.06,0.8,FT,2,0,7.59
Galil AR,28,Shattered,Operation Bravo Case,463,1,0.06,0.8,WW,3,0,7.33
Galil AR,28,Shattered,Operation Bravo Case,463,1,0.06,0.8,BS,4,0,6.9
M4A1-S,29,Printstream,Operation Broken Fang Case,20,4,0.0,0.8,FN,0,1,1194.85
M4A1-S,29,Printstream,Operation Broken Fang Case,20,4,0.0,0.8,MW,1,1,549.99
M4A1-S,29,Printstream,Operation Broken Fang Case,20,4,0.0,0.8,FT,2,1,313.97
M4A1-S,29,Printstream,Operation Broken Fang Case,20,4,0.0,0.8,WW,3,1,302.27
M4A1-S,29,Printstream,Operation Broken Fang Case,20,4,0.0,0.8,BS,4,1,212.72
M4A1-S,29,Printstream,Operation Broken Fang Case,20,4,0.0,0.8,FN,0,0,489.49
M4A1-S,29,Printstream,Operation Broken Fang Case,20,4,0.0,0.8,MW,1,0,272.71
M4A1-S,29,Printstream,Operation Broken Fang Case,20,4,0.0,0.8,FT,2,0,188.79
M4A1-S,29,Printstream,Operation Broken Fang Case,20,4,0.0,0.8,WW,3,0,166.75
M4A1-S,29,Printstream,Operation Broken Fang Case,20,4,0.0,0.8,BS,4,0,117.72
M4A1-S,29,Player Two,Prisma 2 Case,464,4,0.0,0.84,FN,0,1,276.7
M4A1-S,29,Player Two,Prisma 2 Case,464,4,0.0,0.84,MW,1,1,112.44
M4A1-S,29,Player Two,Prisma 2 Case,464,4,0.0,0.84,FT,2,1,54.79
M4A1-S,29,Player Two,Prisma 2 Case,464,4,0.0,0.84,WW,3,1,66.71
M4A1-S,29,Player Two,Prisma 2 Case,464,4,0.0,0.84,BS,4,1,40.19
M4A1-S,29,Player Two,Prisma 2 Case,464,4,0.0,0.84,FN,0,0,107.82
M4A1-S,29,Player Two,Prisma 2 Case,464,4,0.0,0.84,MW,1,0,51.88
M4A1-S,29,Player Two,Prisma 2 Case,464,4,0.0,0.84,FT,2,0,24.73
M4A1-S,29,Player Two,Prisma 2 Case,464,4,0.0,0.84,WW,3,0,24.1
M4A1-S,29,Player Two,Prisma 2 Case,464,4,0.0,0.84,BS,4,0,15.56
M4A1-S,29,Mecha Industries,Gamma Case,23,4,0.0,0.8,FN,0,1,262.06
M4A1-S,29,Mecha Industries,Gamma Case,23,4,0.0,0.8,MW,1,1,113.34
M4A1-S,29,Mecha Industries,Gamma Case,23,4,0.0,0.8,FT,2,1,71.0
M4A1-S,29,Mecha Industries,Gamma Case,23,4,0.0,0.8,WW,3,1,83.84
M4A1-S,29,Mecha Industries,Gamma Case,23,4,0.0,0.8,BS,4,1,61.43
M4A1-S,29,Mecha Industries,Gamma Case,23,4,0.0,0.8,FN,0,0,83.0
M4A1-S,29,Mecha Industries,Gamma Case,23,4,0.0,0.8,MW,1,0,48.32
M4A1-S,29,Mecha Industries,Gamma Case,23,4,0.0,0.8,FT,2,0,30.07
M4A1-S,29,Mecha Industries,Gamma Case,23,4,0.0,0.8,WW,3,0,41.14
M4A1-S,29,Mecha Industries,Gamma Case,23,4,0.0,0.8,BS,4,0,22.34
M4A1-S,29,Chantico's Fire,Chroma 3 Case,465,4,0.0,0.99,FN,0,1,442.35
M4A1-S,29,Chantico's Fire,Chroma 3 Case,465,4,0.0,0.99,MW,1,1,120.47
M4A1-S,29,Chantico's Fire,Chroma 3 Case,465,4,0.0,0.99,FT,2,1,64.44
M4A1-S,29,Chantico's Fire,Chroma 3 Case,465,4,0.0,0.99,WW,3,1,47.73
M4A1-S,29,Chantico's Fire,Chroma 3 Case,465,4,0.0,0.99,BS,4,1,48.07
M4A1-S,29,Chantico's Fire,Chroma 3 Case,465,4,0.0,0.99,FN,0,0,131.44
M4A1-S,29,Chantico's Fire,Chroma 3 Case,465,4,0.0,0.99,MW,1,0,49.08
M4A1-S,29,Chantico's Fire,Chroma 3 Case,465,4,0.0,0.99,FT,2,0,25.56
M4A1-S,29,Chantico's Fire,Chroma 3 Case,465,4,0.0,0.99,WW,3,0,18.03
M4A1-S,29,Chantico's Fire,Chroma 3 Case,465,4,0.0,0.99,BS,4,0,15.79
M4A1-S,29,Golden Coil,Shadow Case,466,4,0.0,1.0,FN,0,1,499.99
M4A1-S,29,Golden Coil,Shadow Case,466,4,0.0,1.0,MW,1,1,245.77
M4A1-S,29,Golden Coil,Shadow Case,466,4,0.0,1.0,FT,2,1,138.53
M4A1-S,29,Golden Coil,Shadow Case,466,4,0.0,1.0,WW,3,1,108.56
M4A1-S,29,Golden Coil,Shadow Case,466,4,0.0,1.0,BS,4,1,85.64
M4A1-S,29,Golden Coil,Shadow Case,466,4,0.0,1.0,FN,0,0,195.9
M4A1-S,29,Golden Coil,Shadow Case,466,4,0.0,1.0,MW,1,0,91.51
M4A1-S,29,Golden Coil,Shadow Case,466,4,0.0,1.0,FT,2,0,59.98
M4A1-S,29,Golden Coil,Shadow Case,466,4,0.0,1.0,WW,3,0,40.44
M4A1-S,29,Golden Coil,Shadow Case,466,4,0.0,1.0,BS,4,0,36.42
M4A1-S,29,Hyper Beast,Chroma 2 Case,56,4,0.0,1.0,FN,0,1,566.75
M4A1-S,29,Hyper Beast,Chroma 2 Case,56,4,0.0,1.0,MW,1,1,169.76
M4A1-S,29,Hyper Beast,Chroma 2 Case,56,4,0.0,1.0,FT,2,1,69.3
M4A1-S,29,Hyper Beast,Chroma 2 Case,56,4,0.0,1.0,WW,3,1,48.32
M4A1-S,29,Hyper Beast,Chroma 2 Case,56,4,0.0,1.0,BS,4,1,42.38
M4A1-S,29,Hyper Beast,Chroma 2 Case,56,4,0.0,1.0,FN,0,0,163.2
M4A1-S,29,Hyper Beast,Chroma 2 Case,56,4,0.0,1.0,MW,1,0,52.85
M4A1-S,29,Hyper Beast,Chroma 2 Case,56,4,0.0,1.0,FT,2,0,23.54
M4A1-S,29,Hyper Beast,Chroma 2 Case,56,4,0.0,1.0,WW,3,0,16.8
M4A1-S,29,Hyper Beast,Chroma 2 Case,56,4,0.0,1.0,BS,4,0,13.92
M4A1-S,29,Cyrex,Operation Breakout Weapon Case,174,4,0.0,0.5,FN,0,1,138.01
M4A1-S,29,Cyrex,Operation Breakout Weapon Case,174,4,0.0,0.5,MW,1,1,95.0
M4A1-S,29,Cyrex,Operation Breakout Weapon Case,174,4,0.0,0.5,FT,2,1,57.19
M4A1-S,29,Cyrex,Operation Breakout Weapon Case,174,4,0.0,0.5,WW,3,1,54.21
M4A1-S,29,Cyrex,Operation Breakout Weapon Case,174,4,0.0,0.5,BS,4,1,56.67
M4A1-S,29,Cyrex,Operation Breakout Weapon Case,174,4,0.0,0.5,FN,0,0,37.76
M4A1-S,29,Cyrex,Operation Breakout Weapon Case,174,4,0.0,0.5,MW,1,0,26.29
M4A1-S,29,Cyrex,Operation Breakout Weapon Case,174,4,0.0,0.5,FT,2,0,18.8
M4A1-S,29,Cyrex,Operation Breakout Weapon Case,174,4,0.0,0.5,WW,3,0,19.45
M4A1-S,29,Cyrex,Operation Breakout Weapon Case,174,4,0.0,0.5,BS,4,0,18.8
M4A1-S,29,Nightmare,Horizon Case,467,3,0.0,1.0,FN,0,1,143.75
M4A1-S,29,Nightmare,Horizon Case,467,3,0.0,1.0,MW,1,1,56.95
M4A1-S,29,Nightmare,Horizon Case,467,3,0.0,1.0,FT,2,1,26.29
M4A1-S,29,Nightmare,Horizon Case,467,3,0.0,1.0,WW,3,1,18.63
M4A1-S,29,Nightmare,Horizon Case,467,3,0.0,1.0,BS,4,1,16.6
M4A1-S,29,Nightmare,Horizon Case,467,3,0.0,1.0,FN,0,0,45.83
M4A1-S,29,Nightmare,Horizon Case,467,3,0.0,1.0,MW,1,0,19.98
M4A1-S,29,Nightmare,Horizon Case,467,3,0.0,1.0,FT,2,0,9.98
M4A1-S,29,Nightmare,Horizon Case,467,3,0.0,1.0,WW,3,0,7.45
M4A1-S,29,Nightmare,Horizon Case,467,3,0.0,1.0,BS,4,0,6.71
M4A1-S,29,Leaded Glass,Spectrum 2 Case,468,3,0.0,0.7,FN,0,1,38.33
M4A1-S,29,Leaded Glass,Spectrum 2 Case,468,3,0.0,0.7,MW,1,1,19.98
M4A1-S,29,Leaded Glass,Spectrum 2 Case,468,3,0.0,0.7,FT,2,1,13.22
M4A1-S,29,Leaded Glass,Spectrum 2 Case,468,3,0.0,0.7,WW,3,1,17.38
M4A1-S,29,Leaded Glass,Spectrum 2 Case,468,3,0.0,0.7,BS,4,1,13.13
M4A1-S,29,Leaded Glass,Spectrum 2 Case,468,3,0.0,0.7,FN,0,0,12.58
M4A1-S,29,Leaded Glass,Spectrum 2 Case,468,3,0.0,0.7,MW,1,0,6.92
M4A1-S,29,Leaded Glass,Spectrum 2 Case,468,3,0.0,0.7,FT,2,0,4.72
M4A1-S,29,Leaded Glass,Spectrum 2 Case,468,3,0.0,0.7,WW,3,0,6.23
M4A1-S,29,Leaded Glass,Spectrum 2 Case,468,3,0.0,0.7,BS,4,0,4.4
M4A1-S,29,Decimator,Spectrum Case,147,3,0.0,0.85,FN,0,1,120.75
M4A1-S,29,Decimator,Spectrum Case,147,3,0.0,0.85,MW,1,1,58.22
M4A1-S,29,Decimator,Spectrum Case,147,3,0.0,0.85,FT,2,1,34.27
M4A1-S,29,Decimator,Spectrum Case,147,3,0.0,0.85,WW,3,1,37.56
M4A1-S,29,Decimator,Spectrum Case,147,3,0.0,0.85,BS,4,1,34.58
M4A1-S,29,Decimator,Spectrum Case,147,3,0.0,0.85,FN,0,0,40.41
M4A1-S,29,Decimator,Spectrum Case,147,3,0.0,0.85,MW,1,0,21.93
M4A1-S,29,Decimator,Spectrum Case,147,3,0.0,0.85,FT,2,0,13.0
M4A1-S,29,Decimator,Spectrum Case,147,3,0.0,0.85,WW,3,0,15.04
M4A1-S,29,Decimator,Spectrum Case,147,3,0.0,0.85,BS,4,0,10.92
M4A1-S,29,Atomic Alloy,Huntsman Weapon Case,469,3,0.0,0.9,FN,0,1,181.66
M4A1-S,29,Atomic Alloy,Huntsman Weapon Case,469,3,0.0,0.9,MW,1,1,95.45
M4A1-S,29,Atomic Alloy,Huntsman Weapon Case,469,3,0.0,0.9,FT,2,1,51.88
M4A1-S,29,Atomic Alloy,Huntsman Weapon Case,469,3,0.0,0.9,WW,3,1,44.46
M4A1-S,29,Atomic Alloy,Huntsman Weapon Case,469,3,0.0,0.9,BS,4,1,43.67
M4A1-S,29,Atomic Alloy,Huntsman Weapon Case,469,3,0.0,0.9,FN,0,0,87.9
M4A1-S,29,Atomic Alloy,Huntsman Weapon Case,469,3,0.0,0.9,MW,1,0,48.71
M4A1-S,29,Atomic Alloy,Huntsman Weapon Case,469,3,0.0,0.9,FT,2,0,36.65
M4A1-S,29,Atomic Alloy,Huntsman Weapon Case,469,3,0.0,0.9,WW,3,0,33.24
M4A1-S,29,Atomic Alloy,Huntsman Weapon Case,469,3,0.0,0.9,BS,4,0,33.53
M4A1-S,29,Guardian,Winter Offensive Weapon Case,175,3,0.0,0.5,FN,0,1,116.24
M4A1-S,29,Guardian,Winter Offensive Weapon Case,175,3,0.0,0.5,MW,1,1,88.47
M4A1-S,29,Guardian,Winter Offensive Weapon Case,175,3,0.0,0.5,FT,2,1,75.04
M4A1-S,29,Guardian,Winter Offensive Weapon Case,175,3,0.0,0.5,WW,3,1,66.85
M4A1-S,29,Guardian,Winter Offensive Weapon Case,175,3,0.0,0.5,BS,4,1,63.97
M4A1-S,29,Guardian,Winter Offensive Weapon Case,175,3,0.0,0.5,FN,0,0,31.77
M4A1-S,29,Guardian,Winter Offensive Weapon Case,175,3,0.0,0.5,MW,1,0,23.88
M4A1-S,29,Guardian,Winter Offensive Weapon Case,175,3,0.0,0.5,FT,2,0,20.41
M4A1-S,29,Guardian,Winter Offensive Weapon Case,175,3,0.0,0.5,WW,3,0,20.12
M4A1-S,29,Guardian,Winter Offensive Weapon Case,175,3,0.0,0.5,BS,4,0,23.63
M4A1-S,29,Emphorosaur-S,Revolution Case,470,2,0.0,0.8,FN,0,1,14.23
M4A1-S,29,Emphorosaur-S,Revolution Case,470,2,0.0,0.8,MW,1,1,5.59
M4A1-S,29,Emphorosaur-S,Revolution Case,470,2,0.0,0.8,FT,2,1,2.53
M4A1-S,29,Emphorosaur-S,Revolution Case,470,2,0.0,0.8,WW,3,1,4.38
M4A1-S,29,Emphorosaur-S,Revolution Case,470,2,0.0,0.8,BS,4,1,2.5
M4A1-S,29,Emphorosaur-S,Revolution Case,470,2,0.0,0.8,FN,0,0,3.65
M4A1-S,29,Emphorosaur-S,Revolution Case,470,2,0.0,0.8,MW,1,0,1.61
M4A1-S,29,Emphorosaur-S,Revolution Case,470,2,0.0,0.8,FT,2,0,0.69
M4A1-S,29,Emphorosaur-S,Revolution Case,470,2,0.0,0.8,WW,3,0,1.03
M4A1-S,29,Emphorosaur-S,Revolution Case,470,2,0.0,0.8,BS,4,0,0.53
M4A1-S,29,Night Terror,Dreams & Nightmares Case,471,2,0.0,0.7,FN,0,1,8.94
M4A1-S,29,Night Terror,Dreams & Nightmares Case,471,2,0.0,0.7,MW,1,1,3.88
M4A1-S,29,Night Terror,Dreams & Nightmares Case,471,2,0.0,0.7,FT,2,1,2.72
M4A1-S,29,Night Terror,Dreams & Nightmares Case,471,2,0.0,0.7,WW,3,1,5.57
M4A1-S,29,Night Terror,Dreams & Nightmares Case,471,2,0.0,0.7,BS,4,1,6.95
M4A1-S,29,Night Terror,Dreams & Nightmares Case,471,2,0.0,0.7,FN,0,0,1.73
M4A1-S,29,Night Terror,Dreams & Nightmares Case,471,2,0.0,0.7,MW,1,0,0.81
M4A1-S,29,Night Terror,Dreams & Nightmares Case,471,2,0.0,0.7,FT,2,0,0.47
M4A1-S,29,Night Terror,Dreams & Nightmares Case,471,2,0.0,0.7,WW,3,0,1.4
M4A1-S,29,Night Terror,Dreams & Nightmares Case,471,2,0.0,0.7,BS,4,0,2.0
M4A1-S,29,Flashback,Glove Case,173,2,0.0,1.0,FN,0,1,19.29
M4A1-S,29,Flashback,Glove Case,173,2,0.0,1.0,MW,1,1,6.83
M4A1-S,29,Flashback,Glove Case,173,2,0.0,1.0,FT,2,1,3.18
M4A1-S,29,Flashback,Glove Case,173,2,0.0,1.0,WW,3,1,2.84
M4A1-S,29,Flashback,Glove Case,173,2,0.0,1.0,BS,4,1,3.11
M4A1-S,29,Flashback,Glove Case,173,2,0.0,1.0,FN,0,0,3.12
M4A1-S,29,Flashback,Glove Case,173,2,0.0,1.0,MW,1,0,0.95
M4A1-S,29,Flashback,Glove Case,173,2,0.0,1.0,FT,2,0,0.48
M4A1-S,29,Flashback,Glove Case,173,2,0.0,1.0,WW,3,0,0.48
M4A1-S,29,Flashback,Glove Case,173,2,0.0,1.0,BS,4,0,0.46
M4A1-S,29,Basilisk,Operation Vanguard Weapon Case,472,2,0.0,0.68,FN,0,1,50.65
M4A1-S,29,Basilisk,Operation Vanguard Weapon Case,472,2,0.0,0.68,MW,1,1,26.82
M4A1-S,29,Basilisk,Operation Vanguard Weapon Case,472,2,0.0,0.68,FT,2,1,17.99
M4A1-S,29,Basilisk,Operation Vanguard Weapon Case,472,2,0.0,0.68,WW,3,1,24.95
M4A1-S,29,Basilisk,Operation Vanguard Weapon Case,472,2,0.0,0.68,BS,4,1,19.12
M4A1-S,29,Basilisk,Operation Vanguard Weapon Case,472,2,0.0,0.68,FN,0,0,13.37
M4A1-S,29,Basilisk,Operation Vanguard Weapon Case,472,2,0.0,0.68,MW,1,0,7.21
M4A1-S,29,Basilisk,Operation Vanguard Weapon Case,472,2,0.0,0.68,FT,2,0,5.37
M4A1-S,29,Basilisk,Operation Vanguard Weapon Case,472,2,0.0,0.68,WW,3,0,8.43
M4A1-S,29,Basilisk,Operation Vanguard Weapon Case,472,2,0.0,0.68,BS,4,0,5.99
M4A1-S,29,Bright Water,Operation Bravo Case,473,2,0.1,0.22,MW,1,1,68.0
M4A1-S,29,Bright Water,Operation Bravo Case,473,2,0.1,0.22,FT,2,1,63.34
M4A1-S,29,Bright Water,Operation Bravo Case,473,2,0.1,0.22,MW,1,0,29.09
M4A1-S,29,Bright Water,Operation Bravo Case,473,2,0.1,0.22,FT,2,0,27.11
M4A1-S,29,Dark Water,CS:GO Weapon Case,177,2,0.1,0.26,MW,1,1,163.45
M4A1-S,29,Dark Water,CS:GO Weapon Case,177,2,0.1,0.26,FT,2,1,159.88
M4A1-S,29,Dark Water,CS:GO Weapon Case,177,2,0.1,0.26,MW,1,0,77.3
M4A1-S,29,Dark Water,CS:GO Weapon Case,177,2,0.1,0.26,FT,2,0,72.0
M4A1-S,29,Briefing,Operation Hydra Case,292,1,0.0,0.8,FN,0,1,56.89
M4A1-S,29,Briefing,Operation Hydra Case,292,1,0.0,0.8,MW,1,1,18.37
M4A1-S,29,Briefing,Operation Hydra Case,292,1,0.0,0.8,FT,2,1,10.03
M4A1-S,29,Briefing,Operation Hydra Case,292,1,0.0,0.8,WW,3,1,14.96
M4A1-S,29,Briefing,Operation Hydra Case,292,1,0.0,0.8,BS,4,1,11.35
M4A1-S,29,Briefing,Operation Hydra Case,292,1,0.0,0.8,FN,0,0,12.59
M4A1-S,29,Briefing,Operation Hydra Case,292,1,0.0,0.8,MW,1,0,5.1
M4A1-S,29,Briefing,Operation Hydra Case,292,1,0.0,0.8,FT,2,0,3.26
M4A1-S,29,Briefing,Operation Hydra Case,292,1,0.0,0.8,WW,3,0,6.32
M4A1-S,29,Briefing,Operation Hydra Case,292,1,0.0,0.8,BS,4,0,3.22
M4A1-S,29,Blood Tiger,CS:GO Weapon Case 2,182,1,0.0,0.3,FN,0,1,21.19
M4A1-S,29,Blood Tiger,CS:GO Weapon Case 2,182,1,0.0,0.3,MW,1,1,13.69
M4A1-S,29,Blood Tiger,CS:GO Weapon Case 2,182,1,0.0,0.3,FT,2,1,15.69
M4A1-S,29,Blood Tiger,CS:GO Weapon Case 2,182,1,0.0,0.3,FN,0,0,7.45
M4A1-S,29,Blood Tiger,CS:GO Weapon Case 2,182,1,0.0,0.3,MW,1,0,6.09
M4A1-S,29,Blood Tiger,CS:GO Weapon Case 2,182,1,0.0,0.3,FT,2,0,5.55
M4A4,30,Temukau,Revolution Case,475,4,0.0,0.8,FN,0,1,436.69
M4A4,30,Temukau,Revolution Case,475,4,0.0,0.8,MW,1,1,151.68
M4A4,30,Temukau,Revolution Case,475,4,0.0,0.8,FT,2,1,46.0
M4A4,30,Temukau,Revolution Case,475,4,0.0,0.8,WW,3,1,51.9
M4A4,30,Temukau,Revolution Case,475,4,0.0,0.8,BS,4,1,30.59
M4A4,30,Temukau,Revolution Case,475,4,0.0,0.8,FN,0,0,180.4
M4A4,30,Temukau,Revolution Case,475,4,0.0,0.8,MW,1,0,78.63
M4A4,30,Temukau,Revolution Case,475,4,0.0,0.8,FT,2,0,22.66
M4A4,30,Temukau,Revolution Case,475,4,0.0,0.8,WW,3,0,18.46
M4A4,30,Temukau,Revolution Case,475,4,0.0,0.8,BS,4,0,11.5
M4A4,30,In Living Color,Snakebite Case,476,4,0.0,0.79,FN,0,1,115.37
M4A4,30,In Living Color,Snakebite Case,476,4,0.0,0.79,MW,1,1,39.58
M4A4,30,In Living Color,Snakebite Case,476,4,0.0,0.79,FT,2,1,15.83
M4A4,30,In Living Color,Snakebite Case,476,4,0.0,0.79,WW,3,1,20.82
M4A4,30,In Living Color,Snakebite Case,476,4,0.0,0.79,BS,4,1,13.24
M4A4,30,In Living Color,Snakebite Case,476,4,0.0,0.79,FN,0,0,39.72
M4A4,30,In Living Color,Snakebite Case,476,4,0.0,0.79,MW,1,0,14.44
M4A4,30,In Living Color,Snakebite Case,476,4,0.0,0.79,FT,2,0,6.06
M4A4,30,In Living Color,Snakebite Case,476,4,0.0,0.79,WW,3,0,6.85
M4A4,30,In Living Color,Snakebite Case,476,4,0.0,0.79,BS,4,0,4.94
M4A4,30,The Emperor,Prisma Case,477,4,0.0,0.8,FN,0,1,472.04
M4A4,30,The Emperor,Prisma Case,477,4,0.0,0.8,MW,1,1,120.0
M4A4,30,The Emperor,Prisma Case,477,4,0.0,0.8,FT,2,1,42.0
M4A4,30,The Emperor,Prisma Case,477,4,0.0,0.8,WW,3,1,40.99
M4A4,30,The Emperor,Prisma Case,477,4,0.0,0.8,BS,4,1,32.85
M4A4,30,The Emperor,Prisma Case,477,4,0.0,0.8,FN,0,0,158.81
M4A4,30,The Emperor,Prisma Case,477,4,0.0,0.8,MW,1,0,43.82
M4A4,30,The Emperor,Prisma Case,477,4,0.0,0.8,FT,2,0,13.89
M4A4,30,The Emperor,Prisma Case,477,4,0.0,0.8,WW,3,0,13.07
M4A4,30,The Emperor,Prisma Case,477,4,0.0,0.8,BS,4,0,9.1
M4A4,30,Neo-Noir,Clutch Case,74,4,0.0,0.9,FN,0,1,131.94
M4A4,30,Neo-Noir,Clutch Case,74,4,0.0,0.9,MW,1,1,41.77
M4A4,30,Neo-Noir,Clutch Case,74,4,0.0,0.9,FT,2,1,14.64
M4A4,30,Neo-Noir,Clutch Case,74,4,0.0,0.9,WW,3,1,12.01
M4A4,30,Neo-Noir,Clutch Case,74,4,0.0,0.9,BS,4,1,10.92
M4A4,30,Neo-Noir,Clutch Case,74,4,0.0,0.9,FN,0,0,38.32
M4A4,30,Neo-Noir,Clutch Case,74,4,0.0,0.9,MW,1,0,13.0
M4A4,30,Neo-Noir,Clutch Case,74,4,0.0,0.9,FT,2,0,6.01
M4A4,30,Neo-Noir,Clutch Case,74,4,0.0,0.9,WW,3,0,5.07
M4A4,30,Neo-Noir,Clutch Case,74,4,0.0,0.9,BS,4,0,4.52
M4A4,30,Buzz Kill,Glove Case,478,4,0.0,0.7,FN,0,1,100.0
M4A4,30,Buzz Kill,Glove Case,478,4,0.0,0.7,MW,1,1,44.55
M4A4,30,Buzz Kill,Glove Case,478,4,0.0,0.7,FT,2,1,28.4
M4A4,30,Buzz Kill,Glove Case,478,4,0.0,0.7,WW,3,1,37.78
M4A4,30,Buzz Kill,Glove Case,478,4,0.0,0.7,BS,4,1,25.65
M4A4,30,Buzz Kill,Glove Case,478,4,0.0,0.7,FN,0,0,35.23
M4A4,30,Buzz Kill,Glove Case,478,4,0.0,0.7,MW,1,0,14.12
M4A4,30,Buzz Kill,Glove Case,478,4,0.0,0.7,FT,2,0,9.23
M4A4,30,Buzz Kill,Glove Case,478,4,0.0,0.7,WW,3,0,12.12
M4A4,30,Buzz Kill,Glove Case,478,4,0.0,0.7,BS,4,0,8.02
M4A4,30,The Battlestar,Operation Wildfire Case,479,4,0.0,0.64,FN,0,1,60.0
M4A4,30,The Battlestar,Operation Wildfire Case,479,4,0.0,0.64,MW,1,1,37.27
M4A4,30,The Battlestar,Operation Wildfire Case,479,4,0.0,0.64,FT,2,1,18.02
M4A4,30,The Battlestar,Operation Wildfire Case,479,4,0.0,0.64,WW,3,1,27.19
M4A4,30,The Battlestar,Operation Wildfire Case,479,4,0.0,0.64,BS,4,1,19.28
M4A4,30,The Battlestar,Operation Wildfire Case,479,4,0.0,0.64,FN,0,0,13.15
M4A4,30,The Battlestar,Operation Wildfire Case,479,4,0.0,0.64,MW,1,0,6.36
M4A4,30,The Battlestar,Operation Wildfire Case,479,4,0.0,0.64,FT,2,0,4.37
M4A4,30,The Battlestar,Operation Wildfire Case,479,4,0.0,0.64,WW,3,0,5.89
M4A4,30,The Battlestar,Operation Wildfire Case,479,4,0.0,0.64,BS,4,0,4.86
M4A4,30,Royal Paladin,Revolver Case,480,4,0.0,0.8,FN,0,1,373.55
M4A4,30,Royal Paladin,Revolver Case,480,4,0.0,0.8,MW,1,1,89.28
M4A4,30,Royal Paladin,Revolver Case,480,4,0.0,0.8,FT,2,1,26.65
M4A4,30,Royal Paladin,Revolver Case,480,4,0.0,0.8,WW,3,1,35.04
M4A4,30,Royal Paladin,Revolver Case,480,4,0.0,0.8,BS,4,1,26.83
M4A4,30,Royal Paladin,Revolver Case,480,4,0.0,0.8,FN,0,0,109.49
M4A4,30,Royal Paladin,Revolver Case,480,4,0.0,0.8,MW,1,0,22.5
M4A4,30,Royal Paladin,Revolver Case,480,4,0.0,0.8,FT,2,0,6.82
M4A4,30,Royal Paladin,Revolver Case,480,4,0.0,0.8,WW,3,0,12.19
M4A4,30,Royal Paladin,Revolver Case,480,4,0.0,0.8,BS,4,0,5.7
M4A4,30,Bullet Rain,eSports 2014 Summer Case,481,4,0.02,0.46,FN,0,1,231.96
M4A4,30,Bullet Rain,eSports 2014 Summer Case,481,4,0.02,0.46,MW,1,1,76.45
M4A4,30,Bullet Rain,eSports 2014 Summer Case,481,4,0.02,0.46,FT,2,1,45.47
M4A4,30,Bullet Rain,eSports 2014 Summer Case,481,4,0.02,0.46,WW,3,1,60.23
M4A4,30,Bullet Rain,eSports 2014 Summer Case,481,4,0.02,0.46,FN,0,0,64.33
M4A4,30,Bullet Rain,eSports 2014 Summer Case,481,4,0.02,0.46,MW,1,0,19.12
M4A4,30,Bullet Rain,eSports 2014 Summer Case,481,4,0.02,0.46,FT,2,0,15.27
M4A4,30,Bullet Rain,eSports 2014 Summer Case,481,4,0.02,0.46,WW,3,0,17.17
M4A4,30,Bullet Rain,eSports 2014 Summer Case,481,4,0.02,0.46,BS,4,0,63.53
M4A4,30,Desert-Strike,Huntsman Weapon Case,373,4,0.0,0.7,FN,0,1,40.02
M4A4,30,Desert-Strike,Huntsman Weapon Case,373,4,0.0,0.7,MW,1,1,18.88
M4A4,30,Desert-Strike,Huntsman Weapon Case,373,4,0.0,0.7,FT,2,1,18.18
M4A4,30,Desert-Strike,Huntsman Weapon Case,373,4,0.0,0.7,WW,3,1,18.56
M4A4,30,Desert-Strike,Huntsman Weapon Case,373,4,0.0,0.7,BS,4,1,19.66
M4A4,30,Desert-Strike,Huntsman Weapon Case,373,4,0.0,0.7,FN,0,0,8.36
M4A4,30,Desert-Strike,Huntsman Weapon Case,373,4,0.0,0.7,MW,1,0,5.24
M4A4,30,Desert-Strike,Huntsman Weapon Case,373,4,0.0,0.7,FT,2,0,4.02
M4A4,30,Desert-Strike,Huntsman Weapon Case,373,4,0.0,0.7,WW,3,0,6.58
M4A4,30,Desert-Strike,Huntsman Weapon Case,373,4,0.0,0.7,BS,4,0,3.93
M4A4,30,Asiimov,Winter Offensive Weapon Case,116,4,0.18,1.0,FT,2,1,641.64
M4A4,30,Asiimov,Winter Offensive Weapon Case,116,4,0.18,1.0,WW,3,1,415.0
M4A4,30,Asiimov,Winter Offensive Weapon Case,116,4,0.18,1.0,BS,4,1,173.33
M4A4,30,Asiimov,Winter Offensive Weapon Case,116,4,0.18,1.0,FT,2,0,162.75
M4A4,30,Asiimov,Winter Offensive Weapon Case,116,4,0.18,1.0,WW,3,0,119.11
M4A4,30,Asiimov,Winter Offensive Weapon Case,116,4,0.18,1.0,BS,4,0,65.8
M4A4,30,X-Ray,eSports 2013 Winter Case,122,4,0.0,0.3,FN,0,1,100.0
M4A4,30,X-Ray,eSports 2013 Winter Case,122,4,0.0,0.3,MW,1,1,67.12
M4A4,30,X-Ray,eSports 2013 Winter Case,122,4,0.0,0.3,FT,2,1,60.07
M4A4,30,X-Ray,eSports 2013 Winter Case,122,4,0.0,0.3,FN,0,0,19.79
M4A4,30,X-Ray,eSports 2013 Winter Case,122,4,0.0,0.3,MW,1,0,15.01
M4A4,30,X-Ray,eSports 2013 Winter Case,122,4,0.0,0.3,FT,2,0,15.07
M4A4,30,Cyber Security,Operation Broken Fang Case,482,3,0.0,0.98,FN,0,1,142.3
M4A4,30,Cyber Security,Operation Broken Fang Case,482,3,0.0,0.98,MW,1,1,60.44
M4A4,30,Cyber Security,Operation Broken Fang Case,482,3,0.0,0.98,FT,2,1,27.39
M4A4,30,Cyber Security,Operation Broken Fang Case,482,3,0.0,0.98,WW,3,1,21.4
M4A4,30,Cyber Security,Operation Broken Fang Case,482,3,0.0,0.98,BS,4,1,19.89
M4A4,30,Cyber Security,Operation Broken Fang Case,482,3,0.0,0.98,FN,0,0,47.9
M4A4,30,Cyber Security,Operation Broken Fang Case,482,3,0.0,0.98,MW,1,0,29.09
M4A4,30,Cyber Security,Operation Broken Fang Case,482,3,0.0,0.98,FT,2,0,17.49
M4A4,30,Cyber Security,Operation Broken Fang Case,482,3,0.0,0.98,WW,3,0,16.38
M4A4,30,Cyber Security,Operation Broken Fang Case,482,3,0.0,0.98,BS,4,0,15.95
M4A4,30,Tooth Fairy,Fracture Case,483,3,0.0,0.73,FN,0,1,21.9
M4A4,30,Tooth Fairy,Fracture Case,483,3,0.0,0.73,MW,1,1,11.0
M4A4,30,Tooth Fairy,Fracture Case,483,3,0.0,0.73,FT,2,1,5.75
M4A4,30,Tooth Fairy,Fracture Case,483,3,0.0,0.73,WW,3,1,6.02
M4A4,30,Tooth Fairy,Fracture Case,483,3,0.0,0.73,BS,4,1,5.89
M4A4,30,Tooth Fairy,Fracture Case,483,3,0.0,0.73,FN,0,0,8.7
M4A4,30,Tooth Fairy,Fracture Case,483,3,0.0,0.73,MW,1,0,5.1
M4A4,30,Tooth Fairy,Fracture Case,483,3,0.0,0.73,FT,2,0,2.96
M4A4,30,Tooth Fairy,Fracture Case,483,3,0.0,0.73,WW,3,0,2.83
M4A4,30,Tooth Fairy,Fracture Case,483,3,0.0,0.73,BS,4,0,2.37
M4A4,30,Hellfire,Operation Hydra Case,484,3,0.0,0.5,FN,0,1,222.36
M4A4,30,Hellfire,Operation Hydra Case,484,3,0.0,0.5,MW,1,1,141.54
M4A4,30,Hellfire,Operation Hydra Case,484,3,0.0,0.5,FT,2,1,81.27
M4A4,30,Hellfire,Operation Hydra Case,484,3,0.0,0.5,WW,3,1,114.45
M4A4,30,Hellfire,Operation Hydra Case,484,3,0.0,0.5,BS,4,1,99.66
M4A4,30,Hellfire,Operation Hydra Case,484,3,0.0,0.5,FN,0,0,80.85
M4A4,30,Hellfire,Operation Hydra Case,484,3,0.0,0.5,MW,1,0,52.03
M4A4,30,Hellfire,Operation Hydra Case,484,3,0.0,0.5,FT,2,0,46.61
M4A4,30,Hellfire,Operation Hydra Case,484,3,0.0,0.5,WW,3,0,46.96
M4A4,30,Hellfire,Operation Hydra Case,484,3,0.0,0.5,BS,4,0,51.08
M4A4,30,Desolate Space,Gamma Case,485,3,0.0,1.0,FN,0,1,99.67
M4A4,30,Desolate Space,Gamma Case,485,3,0.0,1.0,MW,1,1,38.32
M4A4,30,Desolate Space,Gamma Case,485,3,0.0,1.0,FT,2,1,19.47
M4A4,30,Desolate Space,Gamma Case,485,3,0.0,1.0,WW,3,1,16.3
M4A4,30,Desolate Space,Gamma Case,485,3,0.0,1.0,BS,4,1,15.07
M4A4,30,Desolate Space,Gamma Case,485,3,0.0,1.0,FN,0,0,25.87
M4A4,30,Desolate Space,Gamma Case,485,3,0.0,1.0,MW,1,0,10.7
M4A4,30,Desolate Space,Gamma Case,485,3,0.0,1.0,FT,2,0,6.03
M4A4,30,Desolate Space,Gamma Case,485,3,0.0,1.0,WW,3,0,4.9
M4A4,30,Desolate Space,Gamma Case,485,3,0.0,1.0,BS,4,0,4.2
M4A4,30,龍王 (Dragon King),Chroma Case,486,3,0.0,0.75,FN,0,1,87.64
M4A4,30,龍王 (Dragon King),Chroma Case,486,3,0.0,0.75,MW,1,1,39.5
M4A4,30,龍王 (Dragon King),Chroma Case,486,3,0.0,0.75,FT,2,1,19.06
M4A4,30,龍王 (Dragon King),Chroma Case,486,3,0.0,0.75,WW,3,1,37.5
M4A4,30,龍王 (Dragon King),Chroma Case,486,3,0.0,0.75,BS,4,1,19.4
M4A4,30,龍王 (Dragon King),Chroma Case,486,3,0.0,0.75,FN,0,0,34.5
M4A4,30,龍王 (Dragon King),Chroma Case,486,3,0.0,0.75,MW,1,0,15.67
M4A4,30,龍王 (Dragon King),Chroma Case,486,3,0.0,0.75,FT,2,0,7.62
M4A4,30,龍王 (Dragon King),Chroma Case,486,3,0.0,0.75,WW,3,0,10.36
M4A4,30,龍王 (Dragon King),Chroma Case,486,3,0.0,0.75,BS,4,0,8.31
M4A4,30,Spider Lily,Operation Riptide Case,487,2,0.0,1.0,FN,0,1,65.9
M4A4,30,Spider Lily,Operation Riptide Case,487,2,0.0,1.0,MW,1,1,17.26
M4A4,30,Spider Lily,Operation Riptide Case,487,2,0.0,1.0,FT,2,1,6.96
M4A4,30,Spider Lily,Operation Riptide Case,487,2,0.0,1.0,WW,3,1,5.26
M4A4,30,Spider Lily,Operation Riptide Case,487,2,0.0,1.0,BS,4,1,5.01
M4A4,30,Spider Lily,Operation Riptide Case,487,2,0.0,1.0,FN,0,0,17.06
M4A4,30,Spider Lily,Operation Riptide Case,487,2,0.0,1.0,MW,1,0,6.01
M4A4,30,Spider Lily,Operation Riptide Case,487,2,0.0,1.0,FT,2,0,2.91
M4A4,30,Spider Lily,Operation Riptide Case,487,2,0.0,1.0,WW,3,0,2.01
M4A4,30,Spider Lily,Operation Riptide Case,487,2,0.0,1.0,BS,4,0,1.9
M4A4,30,Evil Daimyo,Falchion Case,488,2,0.0,0.52,FN,0,1,17.5
M4A4,30,Evil Daimyo,Falchion Case,488,2,0.0,0.52,MW,1,1,9.17
M4A4,30,Evil Daimyo,Falchion Case,488,2,0.0,0.52,FT,2,1,5.37
M4A4,30,Evil Daimyo,Falchion Case,488,2,0.0,0.52,WW,3,1,7.53
M4A4,30,Evil Daimyo,Falchion Case,488,2,0.0,0.52,BS,4,1,8.3
M4A4,30,Evil Daimyo,Falchion Case,488,2,0.0,0.52,FN,0,0,5.53
M4A4,30,Evil Daimyo,Falchion Case,488,2,0.0,0.52,MW,1,0,3.1
M4A4,30,Evil Daimyo,Falchion Case,488,2,0.0,0.52,FT,2,0,1.96
M4A4,30,Evil Daimyo,Falchion Case,488,2,0.0,0.52,WW,3,0,2.6
M4A4,30,Evil Daimyo,Falchion Case,488,2,0.0,0.52,BS,4,0,2.08
M4A4,30,Griffin,Operation Vanguard Weapon Case,489,2,0.0,0.8,FN,0,1,22.2
M4A4,30,Griffin,Operation Vanguard Weapon Case,489,2,0.0,0.8,MW,1,1,9.5
M4A4,30,Griffin,Operation Vanguard Weapon Case,489,2,0.0,0.8,FT,2,1,4.73
M4A4,30,Griffin,Operation Vanguard Weapon Case,489,2,0.0,0.8,WW,3,1,9.82
M4A4,30,Griffin,Operation Vanguard Weapon Case,489,2,0.0,0.8,BS,4,1,5.45
M4A4,30,Griffin,Operation Vanguard Weapon Case,489,2,0.0,0.8,FN,0,0,6.0
M4A4,30,Griffin,Operation Vanguard Weapon Case,489,2,0.0,0.8,MW,1,0,3.03
M4A4,30,Griffin,Operation Vanguard Weapon Case,489,2,0.0,0.8,FT,2,0,1.9
M4A4,30,Griffin,Operation Vanguard Weapon Case,489,2,0.0,0.8,WW,3,0,5.21
M4A4,30,Griffin,Operation Vanguard Weapon Case,489,2,0.0,0.8,BS,4,0,1.93
M4A4,30,Zirka,Operation Bravo Case,490,2,0.06,0.42,FN,0,1,194.28
M4A4,30,Zirka,Operation Bravo Case,490,2,0.06,0.42,MW,1,1,68.81
M4A4,30,Zirka,Operation Bravo Case,490,2,0.06,0.42,FT,2,1,50.16
M4A4,30,Zirka,Operation Bravo Case,490,2,0.06,0.42,WW,3,1,93.09
M4A4,30,Zirka,Operation Bravo Case,490,2,0.06,0.42,FN,0,0,47.84
M4A4,30,Zirka,Operation Bravo Case,490,2,0.06,0.42,MW,1,0,27.39
M4A4,30,Zirka,Operation Bravo Case,490,2,0.06,0.42,FT,2,0,27.0
M4A4,30,Zirka,Operation Bravo Case,490,2,0.06,0.42,WW,3,0,26.0
M4A4,30,Poly Mag,Recoil Case,491,1,0.0,1.0,FN,0,1,3.74
M4A4,30,Poly Mag,Recoil Case,491,1,0.0,1.0,MW,1,1,0.71
M4A4,30,Poly Mag,Recoil Case,491,1,0.0,1.0,FT,2,1,0.24
M4A4,30,Poly Mag,Recoil Case,491,1,0.0,1.0,WW,3,1,0.16
M4A4,30,Poly Mag,Recoil Case,491,1,0.0,1.0,BS,4,1,0.17
M4A4,30,Poly Mag,Recoil Case,491,1,0.0,1.0,FN,0,0,0.49
M4A4,30,Poly Mag,Recoil Case,491,1,0.0,1.0,MW,1,0,0.12
M4A4,30,Poly Mag,Recoil Case,491,1,0.0,1.0,FT,2,0,0.08
M4A4,30,Poly Mag,Recoil Case,491,1,0.0,1.0,WW,3,0,0.07
M4A4,30,Poly Mag,Recoil Case,491,1,0.0,1.0,BS,4,0,0.07
M4A4,30,Magnesium,Danger Zone Case,492,1,0.0,1.0,FN,0,1,10.87
M4A4,30,Magnesium,Danger Zone Case,492,1,0.0,1.0,MW,1,1,2.1
M4A4,30,Magnesium,Danger Zone Case,492,1,0.0,1.0,FT,2,1,0.88
M4A4,30,Magnesium,Danger Zone Case,492,1,0.0,1.0,WW,3,1,0.46
M4A4,30,Magnesium,Danger Zone Case,492,1,0.0,1.0,BS,4,1,0.41
M4A4,30,Magnesium,Danger Zone Case,492,1,0.0,1.0,FN,0,0,2.2
M4A4,30,Magnesium,Danger Zone Case,492,1,0.0,1.0,MW,1,0,0.4
M4A4,30,Magnesium,Danger Zone Case,492,1,0.0,1.0,FT,2,0,0.17
M4A4,30,Magnesium,Danger Zone Case,492,1,0.0,1.0,WW,3,0,0.09
M4A4,30,Magnesium,Danger Zone Case,492,1,0.0,1.0,BS,4,0,0.09
M4A4,30,Faded Zebra,eSports 2013 Case,493,1,0.06,0.8,FN,0,1,86.06
M4A4,30,Faded Zebra,eSports 2013 Case,493,1,0.06,0.8,MW,1,1,7.61
M4A4,30,Faded Zebra,eSports 2013 Case,493,1,0.06,0.8,FT,2,1,3.73
M4A4,30,Faded Zebra,eSports 2013 Case,493,1,0.06,0.8,WW,3,1,4.97
M4A4,30,Faded Zebra,eSports 2013 Case,493,1,0.06,0.8,BS,4,1,5.42
M4A4,30,Faded Zebra,eSports 2013 Case,493,1,0.06,0.8,FN,0,0,20.25
M4A4,30,Faded Zebra,eSports 2013 Case,493,1,0.06,0.8,MW,1,0,4.15
M4A4,30,Faded Zebra,eSports 2013 Case,493,1,0.06,0.8,FT,2,0,3.45
M4A4,30,Faded Zebra,eSports 2013 Case,493,1,0.06,0.8,WW,3,0,3.46
M4A4,30,Faded Zebra,eSports 2013 Case,493,1,0.06,0.8,BS,4,0,3.81
SCAR-20,31,Bloodsport,Gamma Case,216,3,0.0,0.45,FN,0,1,21.99
SCAR-20,31,Bloodsport,Gamma Case,216,3,0.0,0.45,MW,1,1,10.36
SCAR-20,31,Bloodsport,Gamma Case,216,3,0.0,0.45,FT,2,1,6.28
SCAR-20,31,Bloodsport,Gamma Case,216,3,0.0,0.45,WW,3,1,6.47
SCAR-20,31,Bloodsport,Gamma Case,216,3,0.0,0.45,FN,0,0,7.66
SCAR-20,31,Bloodsport,Gamma Case,216,3,0.0,0.45,MW,1,0,4.1
SCAR-20,31,Bloodsport,Gamma Case,216,3,0.0,0.45,FT,2,0,2.94
SCAR-20,31,Bloodsport,Gamma Case,216,3,0.0,0.45,WW,3,0,2.91
SCAR-20,31,Cardiac,Operation Vanguard Weapon Case,494,3,0.0,1.0,FN,0,1,72.94
SCAR-20,31,Cardiac,Operation Vanguard Weapon Case,494,3,0.0,1.0,MW,1,1,16.56
SCAR-20,31,Cardiac,Operation Vanguard Weapon Case,494,3,0.0,1.0,FT,2,1,12.42
SCAR-20,31,Cardiac,Operation Vanguard Weapon Case,494,3,0.0,1.0,WW,3,1,8.78
SCAR-20,31,Cardiac,Operation Vanguard Weapon Case,494,3,0.0,1.0,BS,4,1,8.74
SCAR-20,31,Cardiac,Operation Vanguard Weapon Case,494,3,0.0,1.0,FN,0,0,15.78
SCAR-20,31,Cardiac,Operation Vanguard Weapon Case,494,3,0.0,1.0,MW,1,0,5.03
SCAR-20,31,Cardiac,Operation Vanguard Weapon Case,494,3,0.0,1.0,FT,2,0,4.05
SCAR-20,31,Cardiac,Operation Vanguard Weapon Case,494,3,0.0,1.0,WW,3,0,3.03
SCAR-20,31,Cardiac,Operation Vanguard Weapon Case,494,3,0.0,1.0,BS,4,0,3.38
SCAR-20,31,Cyrex,Huntsman Weapon Case,174,3,0.0,0.5,FN,0,1,134.15
SCAR-20,31,Cyrex,Huntsman Weapon Case,174,3,0.0,0.5,MW,1,1,99.65
SCAR-20,31,Cyrex,Huntsman Weapon Case,174,3,0.0,0.5,FT,2,1,57.47
SCAR-20,31,Cyrex,Huntsman Weapon Case,174,3,0.0,0.5,WW,3,1,51.48
SCAR-20,31,Cyrex,Huntsman Weapon Case,174,3,0.0,0.5,BS,4,1,46.0
SCAR-20,31,Cyrex,Huntsman Weapon Case,174,3,0.0,0.5,FN,0,0,63.25
SCAR-20,31,Cyrex,Huntsman Weapon Case,174,3,0.0,0.5,MW,1,0,52.0
SCAR-20,31,Cyrex,Huntsman Weapon Case,174,3,0.0,0.5,FT,2,0,42.04
SCAR-20,31,Cyrex,Huntsman Weapon Case,174,3,0.0,0.5,WW,3,0,42.06
SCAR-20,31,Cyrex,Huntsman Weapon Case,174,3,0.0,0.5,BS,4,0,40.79
SCAR-20,31,Enforcer,Prisma 2 Case,495,2,0.0,1.0,FN,0,1,5.26
SCAR-20,31,Enforcer,Prisma 2 Case,495,2,0.0,1.0,MW,1,1,1.75
SCAR-20,31,Enforcer,Prisma 2 Case,495,2,0.0,1.0,FT,2,1,0.83
SCAR-20,31,Enforcer,Prisma 2 Case,495,2,0.0,1.0,WW,3,1,0.77
SCAR-20,31,Enforcer,Prisma 2 Case,495,2,0.0,1.0,BS,4,1,0.71
SCAR-20,31,Enforcer,Prisma 2 Case,495,2,0.0,1.0,FN,0,0,1.84
SCAR-20,31,Enforcer,Prisma 2 Case,495,2,0.0,1.0,MW,1,0,0.7
SCAR-20,31,Enforcer,Prisma 2 Case,495,2,0.0,1.0,FT,2,0,0.37
SCAR-20,31,Enforcer,Prisma 2 Case,495,2,0.0,1.0,WW,3,0,0.28
SCAR-20,31,Enforcer,Prisma 2 Case,495,2,0.0,1.0,BS,4,0,0.31
SCAR-20,31,Powercore,Gamma 2 Case,220,2,0.0,1.0,FN,0,1,4.44
SCAR-20,31,Powercore,Gamma 2 Case,220,2,0.0,1.0,MW,1,1,1.46
SCAR-20,31,Powercore,Gamma 2 Case,220,2,0.0,1.0,FT,2,1,0.62
SCAR-20,31,Powercore,Gamma 2 Case,220,2,0.0,1.0,WW,3,1,0.55
SCAR-20,31,Powercore,Gamma 2 Case,220,2,0.0,1.0,BS,4,1,0.47
SCAR-20,31,Powercore,Gamma 2 Case,220,2,0.0,1.0,FN,0,0,1.91
SCAR-20,31,Powercore,Gamma 2 Case,220,2,0.0,1.0,MW,1,0,0.58
SCAR-20,31,Powercore,Gamma 2 Case,220,2,0.0,1.0,FT,2,0,0.29
SCAR-20,31,Powercore,Gamma 2 Case,220,2,0.0,1.0,WW,3,0,0.27
SCAR-20,31,Powercore,Gamma 2 Case,220,2,0.0,1.0,BS,4,0,0.25
SCAR-20,31,Fragments,Revolution Case,496,1,0.0,0.78,FN,0,1,0.98
SCAR-20,31,Fragments,Revolution Case,496,1,0.0,0.78,MW,1,1,0.41
SCAR-20,31,Fragments,Revolution Case,496,1,0.0,0.78,FT,2,1,0.16
SCAR-20,31,Fragments,Revolution Case,496,1,0.0,0.78,WW,3,1,0.23
SCAR-20,31,Fragments,Revolution Case,496,1,0.0,0.78,BS,4,1,0.15
SCAR-20,31,Fragments,Revolution Case,496,1,0.0,0.78,FN,0,0,0.26
SCAR-20,31,Fragments,Revolution Case,496,1,0.0,0.78,MW,1,0,0.13
SCAR-20,31,Fragments,Revolution Case,496,1,0.0,0.78,FT,2,0,0.09
SCAR-20,31,Fragments,Revolution Case,496,1,0.0,0.78,WW,3,0,0.07
SCAR-20,31,Fragments,Revolution Case,496,1,0.0,0.78,BS,4,0,0.07
SCAR-20,31,Poultrygeist,Dreams & Nightmares Case,497,1,0.0,0.57,FN,0,1,0.78
SCAR-20,31,Poultrygeist,Dreams & Nightmares Case,497,1,0.0,0.57,MW,1,1,0.35
SCAR-20,31,Poultrygeist,Dreams & Nightmares Case,497,1,0.0,0.57,FT,2,1,0.14
SCAR-20,31,Poultrygeist,Dreams & Nightmares Case,497,1,0.0,0.57,WW,3,1,0.17
SCAR-20,31,Poultrygeist,Dreams & Nightmares Case,497,1,0.0,0.57,BS,4,1,0.16
SCAR-20,31,Poultrygeist,Dreams & Nightmares Case,497,1,0.0,0.57,FN,0,0,0.19
SCAR-20,31,Poultrygeist,Dreams & Nightmares Case,497,1,0.0,0.57,MW,1,0,0.11
SCAR-20,31,Poultrygeist,Dreams & Nightmares Case,497,1,0.0,0.57,FT,2,0,0.07
SCAR-20,31,Poultrygeist,Dreams & Nightmares Case,497,1,0.0,0.57,WW,3,0,0.07
SCAR-20,31,Poultrygeist,Dreams & Nightmares Case,497,1,0.0,0.57,BS,4,0,0.07
SCAR-20,31,Torn,Shattered Web Case,498,1,0.0,0.45,FN,0,1,2.66
SCAR-20,31,Torn,Shattered Web Case,498,1,0.0,0.45,MW,1,1,1.91
SCAR-20,31,Torn,Shattered Web Case,498,1,0.0,0.45,FT,2,1,0.76
SCAR-20,31,Torn,Shattered Web Case,498,1,0.0,0.45,WW,3,1,1.91
SCAR-20,31,Torn,Shattered Web Case,498,1,0.0,0.45,FN,0,0,1.1
SCAR-20,31,Torn,Shattered Web Case,498,1,0.0,0.45,MW,1,0,1.1
SCAR-20,31,Torn,Shattered Web Case,498,1,0.0,0.45,FT,2,0,1.07
SCAR-20,31,Torn,Shattered Web Case,498,1,0.0,0.45,WW,3,0,1.16
SCAR-20,31,Assault,CS20 Case,499,1,0.0,0.62,FN,0,1,0.96
SCAR-20,31,Assault,CS20 Case,499,1,0.0,0.62,MW,1,1,0.34
SCAR-20,31,Assault,CS20 Case,499,1,0.0,0.62,FT,2,1,0.13
SCAR-20,31,Assault,CS20 Case,499,1,0.0,0.62,WW,3,1,0.38
SCAR-20,31,Assault,CS20 Case,499,1,0.0,0.62,BS,4,1,0.14
SCAR-20,31,Assault,CS20 Case,499,1,0.0,0.62,FN,0,0,0.23
SCAR-20,31,Assault,CS20 Case,499,1,0.0,0.62,MW,1,0,0.15
SCAR-20,31,Assault,CS20 Case,499,1,0.0,0.62,FT,2,0,0.14
SCAR-20,31,Assault,CS20 Case,499,1,0.0,0.62,WW,3,0,0.8
SCAR-20,31,Assault,CS20 Case,499,1,0.0,0.62,BS,4,0,0.1
SCAR-20,31,Jungle Slipstream,Spectrum 2 Case,255,1,0.0,0.5,FN,0,1,0.7
SCAR-20,31,Jungle Slipstream,Spectrum 2 Case,255,1,0.0,0.5,MW,1,1,0.31
SCAR-20,31,Jungle Slipstream,Spectrum 2 Case,255,1,0.0,0.5,FT,2,1,0.15
SCAR-20,31,Jungle Slipstream,Spectrum 2 Case,255,1,0.0,0.5,WW,3,1,0.15
SCAR-20,31,Jungle Slipstream,Spectrum 2 Case,255,1,0.0,0.5,BS,4,1,0.24
SCAR-20,31,Jungle Slipstream,Spectrum 2 Case,255,1,0.0,0.5,FN,0,0,0.2
SCAR-20,31,Jungle Slipstream,Spectrum 2 Case,255,1,0.0,0.5,MW,1,0,0.11
SCAR-20,31,Jungle Slipstream,Spectrum 2 Case,255,1,0.0,0.5,FT,2,0,0.08
SCAR-20,31,Jungle Slipstream,Spectrum 2 Case,255,1,0.0,0.5,WW,3,0,0.07
SCAR-20,31,Jungle Slipstream,Spectrum 2 Case,255,1,0.0,0.5,BS,4,0,0.08
SCAR-20,31,Blueprint,Spectrum Case,179,1,0.0,0.75,FN,0,1,1.0
SCAR-20,31,Blueprint,Spectrum Case,179,1,0.0,0.75,MW,1,1,0.6
SCAR-20,31,Blueprint,Spectrum Case,179,1,0.0,0.75,FT,2,1,0.31
SCAR-20,31,Blueprint,Spectrum Case,179,1,0.0,0.75,WW,3,1,0.31
SCAR-20,31,Blueprint,Spectrum Case,179,1,0.0,0.75,BS,4,1,0.23
SCAR-20,31,Blueprint,Spectrum Case,179,1,0.0,0.75,FN,0,0,0.31
SCAR-20,31,Blueprint,Spectrum Case,179,1,0.0,0.75,MW,1,0,0.23
SCAR-20,31,Blueprint,Spectrum Case,179,1,0.0,0.75,FT,2,0,0.18
SCAR-20,31,Blueprint,Spectrum Case,179,1,0.0,0.75,WW,3,0,0.21
SCAR-20,31,Blueprint,Spectrum Case,179,1,0.0,0.75,BS,4,0,0.14
SCAR-20,31,Outbreak,Revolver Case,500,1,0.0,0.5,FN,0,1,1.43
SCAR-20,31,Outbreak,Revolver Case,500,1,0.0,0.5,MW,1,1,0.78
SCAR-20,31,Outbreak,Revolver Case,500,1,0.0,0.5,FT,2,1,0.27
SCAR-20,31,Outbreak,Revolver Case,500,1,0.0,0.5,WW,3,1,0.19
SCAR-20,31,Outbreak,Revolver Case,500,1,0.0,0.5,BS,4,1,0.18
SCAR-20,31,Outbreak,Revolver Case,500,1,0.0,0.5,FN,0,0,0.34
SCAR-20,31,Outbreak,Revolver Case,500,1,0.0,0.5,MW,1,0,0.17
SCAR-20,31,Outbreak,Revolver Case,500,1,0.0,0.5,FT,2,0,0.09
SCAR-20,31,Outbreak,Revolver Case,500,1,0.0,0.5,WW,3,0,0.08
SCAR-20,31,Outbreak,Revolver Case,500,1,0.0,0.5,BS,4,0,0.12
SCAR-20,31,Green Marine,Shadow Case,501,1,0.0,0.8,FN,0,1,1.78
SCAR-20,31,Green Marine,Shadow Case,501,1,0.0,0.8,MW,1,1,0.85
SCAR-20,31,Green Marine,Shadow Case,501,1,0.0,0.8,FT,2,1,0.27
SCAR-20,31,Green Marine,Shadow Case,501,1,0.0,0.8,WW,3,1,0.36
SCAR-20,31,Green Marine,Shadow Case,501,1,0.0,0.8,BS,4,1,0.27
SCAR-20,31,Green Marine,Shadow Case,501,1,0.0,0.8,FN,0,0,0.51
SCAR-20,31,Green Marine,Shadow Case,501,1,0.0,0.8,MW,1,0,0.28
SCAR-20,31,Green Marine,Shadow Case,501,1,0.0,0.8,FT,2,0,0.14
SCAR-20,31,Green Marine,Shadow Case,501,1,0.0,0.8,WW,3,0,0.12
SCAR-20,31,Green Marine,Shadow Case,501,1,0.0,0.8,BS,4,0,0.14
SCAR-20,31,Grotto,Chroma Case,502,1,0.0,0.5,FN,0,1,1.24
SCAR-20,31,Grotto,Chroma Case,502,1,0.0,0.5,MW,1,1,0.8
SCAR-20,31,Grotto,Chroma Case,502,1,0.0,0.5,FT,2,1,0.55
SCAR-20,31,Grotto,Chroma Case,502,1,0.0,0.5,WW,3,1,0.43
SCAR-20,31,Grotto,Chroma Case,502,1,0.0,0.5,BS,4,1,0.39
SCAR-20,31,Grotto,Chroma Case,502,1,0.0,0.5,FN,0,0,0.43
SCAR-20,31,Grotto,Chroma Case,502,1,0.0,0.5,MW,1,0,0.28
SCAR-20,31,Grotto,Chroma Case,502,1,0.0,0.5,FT,2,0,0.2
SCAR-20,31,Grotto,Chroma Case,502,1,0.0,0.5,WW,3,0,0.26
SCAR-20,31,Grotto,Chroma Case,502,1,0.0,0.5,BS,4,0,0.26
SCAR-20,31,Crimson Web,CS:GO Weapon Case 2,18,1,0.06,0.8,FN,0,1,100.0
SCAR-20,31,Crimson Web,CS:GO Weapon Case 2,18,1,0.06,0.8,MW,1,1,8.0
SCAR-20,31,Crimson Web,CS:GO Weapon Case 2,18,1,0.06,0.8,FT,2,1,6.29
SCAR-20,31,Crimson Web,CS:GO Weapon Case 2,18,1,0.06,0.8,WW,3,1,5.75
SCAR-20,31,Crimson Web,CS:GO Weapon Case 2,18,1,0.06,0.8,BS,4,1,4.91
SCAR-20,31,Crimson Web,CS:GO Weapon Case 2,18,1,0.06,0.8,FN,0,0,16.1
SCAR-20,31,Crimson Web,CS:GO Weapon Case 2,18,1,0.06,0.8,MW,1,0,6.79
SCAR-20,31,Crimson Web,CS:GO Weapon Case 2,18,1,0.06,0.8,FT,2,0,5.37
SCAR-20,31,Crimson Web,CS:GO Weapon Case 2,18,1,0.06,0.8,WW,3,0,4.97
SCAR-20,31,Crimson Web,CS:GO Weapon Case 2,18,1,0.06,0.8,BS,4,0,4.84
SG 553,32,Colony IV,Shattered Web Case,503,3,0.0,1.0,FN,0,1,109.21
SG 553,32,Colony IV,Shattered Web Case,503,3,0.0,1.0,MW,1,1,56.67
SG 553,32,Colony IV,Shattered Web Case,503,3,0.0,1.0,FT,2,1,16.81
SG 553,32,Colony IV,Shattered Web Case,503,3,0.0,1.0,WW,3,1,16.38
SG 553,32,Colony IV,Shattered Web Case,503,3,0.0,1.0,BS,4,1,14.32
SG 553,32,Colony IV,Shattered Web Case,503,3,0.0,1.0,FN,0,0,45.88
SG 553,32,Colony IV,Shattered Web Case,503,3,0.0,1.0,MW,1,0,20.09
SG 553,32,Colony IV,Shattered Web Case,503,3,0.0,1.0,FT,2,0,8.78
SG 553,32,Colony IV,Shattered Web Case,503,3,0.0,1.0,WW,3,0,8.13
SG 553,32,Colony IV,Shattered Web Case,503,3,0.0,1.0,BS,4,0,8.19
SG 553,32,Cyrex,Falchion Case,174,3,0.0,1.0,FN,0,1,63.43
SG 553,32,Cyrex,Falchion Case,174,3,0.0,1.0,MW,1,1,21.5
SG 553,32,Cyrex,Falchion Case,174,3,0.0,1.0,FT,2,1,10.41
SG 553,32,Cyrex,Falchion Case,174,3,0.0,1.0,WW,3,1,9.43
SG 553,32,Cyrex,Falchion Case,174,3,0.0,1.0,BS,4,1,9.27
SG 553,32,Cyrex,Falchion Case,174,3,0.0,1.0,FN,0,0,15.96
SG 553,32,Cyrex,Falchion Case,174,3,0.0,1.0,MW,1,0,7.5
SG 553,32,Cyrex,Falchion Case,174,3,0.0,1.0,FT,2,0,4.64
SG 553,32,Cyrex,Falchion Case,174,3,0.0,1.0,WW,3,0,4.6
SG 553,32,Cyrex,Falchion Case,174,3,0.0,1.0,BS,4,0,4.91
SG 553,32,Dragon Tech,Recoil Case,504,2,0.0,0.7,FN,0,1,5.14
SG 553,32,Dragon Tech,Recoil Case,504,2,0.0,0.7,MW,1,1,2.76
SG 553,32,Dragon Tech,Recoil Case,504,2,0.0,0.7,FT,2,1,1.12
SG 553,32,Dragon Tech,Recoil Case,504,2,0.0,0.7,WW,3,1,1.44
SG 553,32,Dragon Tech,Recoil Case,504,2,0.0,0.7,BS,4,1,0.95
SG 553,32,Dragon Tech,Recoil Case,504,2,0.0,0.7,FN,0,0,1.8
SG 553,32,Dragon Tech,Recoil Case,504,2,0.0,0.7,MW,1,0,1.05
SG 553,32,Dragon Tech,Recoil Case,504,2,0.0,0.7,FT,2,0,0.53
SG 553,32,Dragon Tech,Recoil Case,504,2,0.0,0.7,WW,3,0,0.5
SG 553,32,Dragon Tech,Recoil Case,504,2,0.0,0.7,BS,4,0,0.41
SG 553,32,Darkwing,Prisma 2 Case,505,2,0.0,1.0,FN,0,1,9.2
SG 553,32,Darkwing,Prisma 2 Case,505,2,0.0,1.0,MW,1,1,1.99
SG 553,32,Darkwing,Prisma 2 Case,505,2,0.0,1.0,FT,2,1,0.96
SG 553,32,Darkwing,Prisma 2 Case,505,2,0.0,1.0,WW,3,1,0.86
SG 553,32,Darkwing,Prisma 2 Case,505,2,0.0,1.0,BS,4,1,0.86
SG 553,32,Darkwing,Prisma 2 Case,505,2,0.0,1.0,FN,0,0,1.98
SG 553,32,Darkwing,Prisma 2 Case,505,2,0.0,1.0,MW,1,0,0.7
SG 553,32,Darkwing,Prisma 2 Case,505,2,0.0,1.0,FT,2,0,0.37
SG 553,32,Darkwing,Prisma 2 Case,505,2,0.0,1.0,WW,3,0,0.27
SG 553,32,Darkwing,Prisma 2 Case,505,2,0.0,1.0,BS,4,0,0.28
SG 553,32,Phantom,Spectrum 2 Case,506,2,0.0,0.6,FN,0,1,4.05
SG 553,32,Phantom,Spectrum 2 Case,506,2,0.0,0.6,MW,1,1,1.87
SG 553,32,Phantom,Spectrum 2 Case,506,2,0.0,0.6,FT,2,1,1.09
SG 553,32,Phantom,Spectrum 2 Case,506,2,0.0,0.6,WW,3,1,1.28
SG 553,32,Phantom,Spectrum 2 Case,506,2,0.0,0.6,BS,4,1,1.32
SG 553,32,Phantom,Spectrum 2 Case,506,2,0.0,0.6,FN,0,0,1.38
SG 553,32,Phantom,Spectrum 2 Case,506,2,0.0,0.6,MW,1,0,0.64
SG 553,32,Phantom,Spectrum 2 Case,506,2,0.0,0.6,FT,2,0,0.38
SG 553,32,Phantom,Spectrum 2 Case,506,2,0.0,0.6,WW,3,0,0.42
SG 553,32,Phantom,Spectrum 2 Case,506,2,0.0,0.6,BS,4,0,0.39
SG 553,32,Triarch,Gamma 2 Case,507,2,0.0,1.0,FN,0,1,6.84
SG 553,32,Triarch,Gamma 2 Case,507,2,0.0,1.0,MW,1,1,1.39
SG 553,32,Triarch,Gamma 2 Case,507,2,0.0,1.0,FT,2,1,0.61
SG 553,32,Triarch,Gamma 2 Case,507,2,0.0,1.0,WW,3,1,0.49
SG 553,32,Triarch,Gamma 2 Case,507,2,0.0,1.0,BS,4,1,0.61
SG 553,32,Triarch,Gamma 2 Case,507,2,0.0,1.0,FN,0,0,1.92
SG 553,32,Triarch,Gamma 2 Case,507,2,0.0,1.0,MW,1,0,0.57
SG 553,32,Triarch,Gamma 2 Case,507,2,0.0,1.0,FT,2,0,0.28
SG 553,32,Triarch,Gamma 2 Case,507,2,0.0,1.0,WW,3,0,0.24
SG 553,32,Triarch,Gamma 2 Case,507,2,0.0,1.0,BS,4,0,0.25
SG 553,32,Tiger Moth,Revolver Case,508,2,0.0,1.0,FN,0,1,9.49
SG 553,32,Tiger Moth,Revolver Case,508,2,0.0,1.0,MW,1,1,4.02
SG 553,32,Tiger Moth,Revolver Case,508,2,0.0,1.0,FT,2,1,1.84
SG 553,32,Tiger Moth,Revolver Case,508,2,0.0,1.0,WW,3,1,1.51
SG 553,32,Tiger Moth,Revolver Case,508,2,0.0,1.0,BS,4,1,1.33
SG 553,32,Tiger Moth,Revolver Case,508,2,0.0,1.0,FN,0,0,2.56
SG 553,32,Tiger Moth,Revolver Case,508,2,0.0,1.0,MW,1,0,1.32
SG 553,32,Tiger Moth,Revolver Case,508,2,0.0,1.0,FT,2,0,0.73
SG 553,32,Tiger Moth,Revolver Case,508,2,0.0,1.0,WW,3,0,0.43
SG 553,32,Tiger Moth,Revolver Case,508,2,0.0,1.0,BS,4,0,0.46
SG 553,32,Pulse,Operation Phoenix Weapon Case,112,2,0.1,0.6,MW,1,1,10.99
SG 553,32,Pulse,Operation Phoenix Weapon Case,112,2,0.1,0.6,FT,2,1,3.37
SG 553,32,Pulse,Operation Phoenix Weapon Case,112,2,0.1,0.6,WW,3,1,3.63
SG 553,32,Pulse,Operation Phoenix Weapon Case,112,2,0.1,0.6,BS,4,1,3.38
SG 553,32,Pulse,Operation Phoenix Weapon Case,112,2,0.1,0.6,MW,1,0,3.88
SG 553,32,Pulse,Operation Phoenix Weapon Case,112,2,0.1,0.6,FT,2,0,2.31
SG 553,32,Pulse,Operation Phoenix Weapon Case,112,2,0.1,0.6,WW,3,0,2.44
SG 553,32,Pulse,Operation Phoenix Weapon Case,112,2,0.1,0.6,BS,4,0,2.01
SG 553,32,Cyberforce,Revolution Case,509,1,0.0,0.9,FN,0,1,2.16
SG 553,32,Cyberforce,Revolution Case,509,1,0.0,0.9,MW,1,1,0.43
SG 553,32,Cyberforce,Revolution Case,509,1,0.0,0.9,FT,2,1,0.16
SG 553,32,Cyberforce,Revolution Case,509,1,0.0,0.9,WW,3,1,0.14
SG 553,32,Cyberforce,Revolution Case,509,1,0.0,0.9,BS,4,1,0.15
SG 553,32,Cyberforce,Revolution Case,509,1,0.0,0.9,FN,0,0,0.37
SG 553,32,Cyberforce,Revolution Case,509,1,0.0,0.9,MW,1,0,0.12
SG 553,32,Cyberforce,Revolution Case,509,1,0.0,0.9,FT,2,0,0.08
SG 553,32,Cyberforce,Revolution Case,509,1,0.0,0.9,WW,3,0,0.07
SG 553,32,Cyberforce,Revolution Case,509,1,0.0,0.9,BS,4,0,0.07
SG 553,32,Heavy Metal,Snakebite Case,510,1,0.0,1.0,FN,0,1,1.68
SG 553,32,Heavy Metal,Snakebite Case,510,1,0.0,1.0,MW,1,1,0.61
SG 553,32,Heavy Metal,Snakebite Case,510,1,0.0,1.0,FT,2,1,0.25
SG 553,32,Heavy Metal,Snakebite Case,510,1,0.0,1.0,WW,3,1,0.23
SG 553,32,Heavy Metal,Snakebite Case,510,1,0.0,1.0,BS,4,1,0.24
SG 553,32,Heavy Metal,Snakebite Case,510,1,0.0,1.0,FN,0,0,0.46
SG 553,32,Heavy Metal,Snakebite Case,510,1,0.0,1.0,MW,1,0,0.16
SG 553,32,Heavy Metal,Snakebite Case,510,1,0.0,1.0,FT,2,0,0.09
SG 553,32,Heavy Metal,Snakebite Case,510,1,0.0,1.0,WW,3,0,0.09
SG 553,32,Heavy Metal,Snakebite Case,510,1,0.0,1.0,BS,4,0,0.09
SG 553,32,Ol' Rusty,Fracture Case,511,1,0.0,0.7,FN,0,1,0.71
SG 553,32,Ol' Rusty,Fracture Case,511,1,0.0,0.7,MW,1,1,0.24
SG 553,32,Ol' Rusty,Fracture Case,511,1,0.0,0.7,FT,2,1,0.12
SG 553,32,Ol' Rusty,Fracture Case,511,1,0.0,0.7,WW,3,1,0.12
SG 553,32,Ol' Rusty,Fracture Case,511,1,0.0,0.7,BS,4,1,0.11
SG 553,32,Ol' Rusty,Fracture Case,511,1,0.0,0.7,FN,0,0,0.19
SG 553,32,Ol' Rusty,Fracture Case,511,1,0.0,0.7,MW,1,0,0.11
SG 553,32,Ol' Rusty,Fracture Case,511,1,0.0,0.7,FT,2,0,0.07
SG 553,32,Ol' Rusty,Fracture Case,511,1,0.0,0.7,WW,3,0,0.07
SG 553,32,Ol' Rusty,Fracture Case,511,1,0.0,0.7,BS,4,0,0.07
SG 553,32,Danger Close,Danger Zone Case,512,1,0.02,0.8,FN,0,1,1.8
SG 553,32,Danger Close,Danger Zone Case,512,1,0.02,0.8,MW,1,1,0.32
SG 553,32,Danger Close,Danger Zone Case,512,1,0.02,0.8,FT,2,1,0.14
SG 553,32,Danger Close,Danger Zone Case,512,1,0.02,0.8,WW,3,1,0.21
SG 553,32,Danger Close,Danger Zone Case,512,1,0.02,0.8,BS,4,1,0.12
SG 553,32,Danger Close,Danger Zone Case,512,1,0.02,0.8,FN,0,0,0.24
SG 553,32,Danger Close,Danger Zone Case,512,1,0.02,0.8,MW,1,0,0.12
SG 553,32,Danger Close,Danger Zone Case,512,1,0.02,0.8,FT,2,0,0.08
SG 553,32,Danger Close,Danger Zone Case,512,1,0.02,0.8,WW,3,0,0.08
SG 553,32,Danger Close,Danger Zone Case,512,1,0.02,0.8,BS,4,0,0.07
SG 553,32,Aloha,Clutch Case,202,1,0.0,0.55,FN,0,1,0.72
SG 553,32,Aloha,Clutch Case,202,1,0.0,0.55,MW,1,1,0.25
SG 553,32,Aloha,Clutch Case,202,1,0.0,0.55,FT,2,1,0.12
SG 553,32,Aloha,Clutch Case,202,1,0.0,0.55,WW,3,1,0.11
SG 553,32,Aloha,Clutch Case,202,1,0.0,0.55,BS,4,1,0.12
SG 553,32,Aloha,Clutch Case,202,1,0.0,0.55,FN,0,0,0.2
SG 553,32,Aloha,Clutch Case,202,1,0.0,0.55,MW,1,0,0.11
SG 553,32,Aloha,Clutch Case,202,1,0.0,0.55,FT,2,0,0.07
SG 553,32,Aloha,Clutch Case,202,1,0.0,0.55,WW,3,0,0.07
SG 553,32,Aloha,Clutch Case,202,1,0.0,0.55,BS,4,0,0.07
SG 553,32,Aerial,Gamma Case,513,1,0.0,0.6,FN,0,1,1.09
SG 553,32,Aerial,Gamma Case,513,1,0.0,0.6,MW,1,1,0.55
SG 553,32,Aerial,Gamma Case,513,1,0.0,0.6,FT,2,1,0.23
SG 553,32,Aerial,Gamma Case,513,1,0.0,0.6,WW,3,1,0.42
SG 553,32,Aerial,Gamma Case,513,1,0.0,0.6,BS,4,1,0.17
SG 553,32,Aerial,Gamma Case,513,1,0.0,0.6,FN,0,0,0.27
SG 553,32,Aerial,Gamma Case,513,1,0.0,0.6,MW,1,0,0.14
SG 553,32,Aerial,Gamma Case,513,1,0.0,0.6,FT,2,0,0.11
SG 553,32,Aerial,Gamma Case,513,1,0.0,0.6,WW,3,0,0.12
SG 553,32,Aerial,Gamma Case,513,1,0.0,0.6,BS,4,0,0.11
SG 553,32,Atlas,Chroma 3 Case,514,1,0.0,0.81,FN,0,1,1.26
SG 553,32,Atlas,Chroma 3 Case,514,1,0.0,0.81,MW,1,1,0.48
SG 553,32,Atlas,Chroma 3 Case,514,1,0.0,0.81,FT,2,1,0.16
SG 553,32,Atlas,Chroma 3 Case,514,1,0.0,0.81,WW,3,1,0.42
SG 553,32,Atlas,Chroma 3 Case,514,1,0.0,0.81,BS,4,1,0.12
SG 553,32,Atlas,Chroma 3 Case,514,1,0.0,0.81,FN,0,0,0.28
SG 553,32,Atlas,Chroma 3 Case,514,1,0.0,0.81,MW,1,0,0.13
SG 553,32,Atlas,Chroma 3 Case,514,1,0.0,0.81,FT,2,0,0.08
SG 553,32,Atlas,Chroma 3 Case,514,1,0.0,0.81,WW,3,0,0.08
SG 553,32,Atlas,Chroma 3 Case,514,1,0.0,0.81,BS,4,0,0.07
SG 553,32,Wave Spray,Operation Bravo Case,515,1,0.06,0.8,FN,0,1,81.8
SG 553,32,Wave Spray,Operation Bravo Case,515,1,0.06,0.8,MW,1,1,8.88
SG 553,32,Wave Spray,Operation Bravo Case,515,1,0.06,0.8,FT,2,1,6.45
SG 553,32,Wave Spray,Operation Bravo Case,515,1,0.06,0.8,WW,3,1,6.34
SG 553,32,Wave Spray,Operation Bravo Case,515,1,0.06,0.8,BS,4,1,6.12
SG 553,32,Wave Spray,Operation Bravo Case,515,1,0.06,0.8,FN,0,0,20.3
SG 553,32,Wave Spray,Operation Bravo Case,515,1,0.06,0.8,MW,1,0,8.1
SG 553,32,Wave Spray,Operation Bravo Case,515,1,0.06,0.8,FT,2,0,8.22
SG 553,32,Wave Spray,Operation Bravo Case,515,1,0.06,0.8,WW,3,0,7.2
SG 553,32,Wave Spray,Operation Bravo Case,515,1,0.06,0.8,BS,4,0,7.14
SG 553,32,Ultraviolet,CS:GO Weapon Case,206,1,0.06,0.8,FN,0,1,138.74
SG 553,32,Ultraviolet,CS:GO Weapon Case,206,1,0.06,0.8,MW,1,1,24.54
SG 553,32,Ultraviolet,CS:GO Weapon Case,206,1,0.06,0.8,FT,2,1,19.96
SG 553,32,Ultraviolet,CS:GO Weapon Case,206,1,0.06,0.8,WW,3,1,20.27
SG 553,32,Ultraviolet,CS:GO Weapon Case,206,1,0.06,0.8,BS,4,1,21.5
SG 553,32,Ultraviolet,CS:GO Weapon Case,206,1,0.06,0.8,FN,0,0,46.99
SG 553,32,Ultraviolet,CS:GO Weapon Case,206,1,0.06,0.8,MW,1,0,21.85
SG 553,32,Ultraviolet,CS:GO Weapon Case,206,1,0.06,0.8,FT,2,0,20.09
SG 553,32,Ultraviolet,CS:GO Weapon Case,206,1,0.06,0.8,WW,3,0,19.33
SG 553,32,Ultraviolet,CS:GO Weapon Case,206,1,0.06,0.8,BS,4,0,19.9
SSG 08,33,Dragonfire,Glove Case,516,4,0.0,0.5,FN,0,1,104.22
SSG 08,33,Dragonfire,Glove Case,516,4,0.0,0.5,MW,1,1,54.77
SSG 08,33,Dragonfire,Glove Case,516,4,0.0,0.5,FT,2,1,41.18
SSG 08,33,Dragonfire,Glove Case,516,4,0.0,0.5,WW,3,1,48.03
SSG 08,33,Dragonfire,Glove Case,516,4,0.0,0.5,BS,4,1,40.37
SSG 08,33,Dragonfire,Glove Case,516,4,0.0,0.5,FN,0,0,22.93
SSG 08,33,Dragonfire,Glove Case,516,4,0.0,0.5,MW,1,0,15.31
SSG 08,33,Dragonfire,Glove Case,516,4,0.0,0.5,FT,2,0,12.07
SSG 08,33,Dragonfire,Glove Case,516,4,0.0,0.5,WW,3,0,12.99
SSG 08,33,Dragonfire,Glove Case,516,4,0.0,0.5,BS,4,0,12.01
SSG 08,33,Blood in the Water,CS:GO Weapon Case 2,517,4,0.06,0.2,FN,0,1,521.95
SSG 08,33,Blood in the Water,CS:GO Weapon Case 2,517,4,0.06,0.2,MW,1,1,217.18
SSG 08,33,Blood in the Water,CS:GO Weapon Case 2,517,4,0.06,0.2,FT,2,1,228.43
SSG 08,33,Blood in the Water,CS:GO Weapon Case 2,517,4,0.06,0.2,FN,0,0,71.8
SSG 08,33,Blood in the Water,CS:GO Weapon Case 2,517,4,0.06,0.2,MW,1,0,51.48
SSG 08,33,Blood in the Water,CS:GO Weapon Case 2,517,4,0.06,0.2,FT,2,0,50.0
SSG 08,33,Turbo Peek,Operation Riptide Case,518,3,0.0,0.6,FN,0,1,54.33
SSG 08,33,Turbo Peek,Operation Riptide Case,518,3,0.0,0.6,MW,1,1,29.0
SSG 08,33,Turbo Peek,Operation Riptide Case,518,3,0.0,0.6,FT,2,1,12.37
SSG 08,33,Turbo Peek,Operation Riptide Case,518,3,0.0,0.6,WW,3,1,14.99
SSG 08,33,Turbo Peek,Operation Riptide Case,518,3,0.0,0.6,BS,4,1,13.04
SSG 08,33,Turbo Peek,Operation Riptide Case,518,3,0.0,0.6,FN,0,0,17.63
SSG 08,33,Turbo Peek,Operation Riptide Case,518,3,0.0,0.6,MW,1,0,8.13
SSG 08,33,Turbo Peek,Operation Riptide Case,518,3,0.0,0.6,FT,2,0,5.1
SSG 08,33,Turbo Peek,Operation Riptide Case,518,3,0.0,0.6,WW,3,0,5.36
SSG 08,33,Turbo Peek,Operation Riptide Case,518,3,0.0,0.6,BS,4,0,4.37
SSG 08,33,Bloodshot,Shattered Web Case,519,3,0.14,0.6,FT,2,1,20.7
SSG 08,33,Bloodshot,Shattered Web Case,519,3,0.14,0.6,WW,3,1,24.54
SSG 08,33,Bloodshot,Shattered Web Case,519,3,0.14,0.6,BS,4,1,22.93
SSG 08,33,Bloodshot,Shattered Web Case,519,3,0.14,0.6,MW,1,0,64.14
SSG 08,33,Bloodshot,Shattered Web Case,519,3,0.14,0.6,FT,2,0,8.24
SSG 08,33,Bloodshot,Shattered Web Case,519,3,0.14,0.6,WW,3,0,7.64
SSG 08,33,Bloodshot,Shattered Web Case,519,3,0.14,0.6,BS,4,0,7.53
SSG 08,33,Big Iron,Shadow Case,520,3,0.0,0.64,FN,0,1,62.96
SSG 08,33,Big Iron,Shadow Case,520,3,0.0,0.64,MW,1,1,37.69
SSG 08,33,Big Iron,Shadow Case,520,3,0.0,0.64,FT,2,1,18.22
SSG 08,33,Big Iron,Shadow Case,520,3,0.0,0.64,WW,3,1,16.24
SSG 08,33,Big Iron,Shadow Case,520,3,0.0,0.64,BS,4,1,17.71
SSG 08,33,Big Iron,Shadow Case,520,3,0.0,0.64,FN,0,0,22.42
SSG 08,33,Big Iron,Shadow Case,520,3,0.0,0.64,MW,1,0,13.61
SSG 08,33,Big Iron,Shadow Case,520,3,0.0,0.64,FT,2,0,7.59
SSG 08,33,Big Iron,Shadow Case,520,3,0.0,0.64,WW,3,0,6.87
SSG 08,33,Big Iron,Shadow Case,520,3,0.0,0.64,BS,4,0,6.44
SSG 08,33,Parallax,Operation Broken Fang Case,521,2,0.0,1.0,FN,0,1,23.76
SSG 08,33,Parallax,Operation Broken Fang Case,521,2,0.0,1.0,MW,1,1,7.78
SSG 08,33,Parallax,Operation Broken Fang Case,521,2,0.0,1.0,FT,2,1,3.3
SSG 08,33,Parallax,Operation Broken Fang Case,521,2,0.0,1.0,WW,3,1,2.6
SSG 08,33,Parallax,Operation Broken Fang Case,521,2,0.0,1.0,BS,4,1,2.79
SSG 08,33,Parallax,Operation Broken Fang Case,521,2,0.0,1.0,FN,0,0,5.75
SSG 08,33,Parallax,Operation Broken Fang Case,521,2,0.0,1.0,MW,1,0,3.83
SSG 08,33,Parallax,Operation Broken Fang Case,521,2,0.0,1.0,FT,2,0,2.76
SSG 08,33,Parallax,Operation Broken Fang Case,521,2,0.0,1.0,WW,3,0,1.85
SSG 08,33,Parallax,Operation Broken Fang Case,521,2,0.0,1.0,BS,4,0,1.7
SSG 08,33,Fever Dream,Prisma 2 Case,416,2,0.0,0.72,FN,0,1,8.08
SSG 08,33,Fever Dream,Prisma 2 Case,416,2,0.0,0.72,MW,1,1,3.27
SSG 08,33,Fever Dream,Prisma 2 Case,416,2,0.0,0.72,FT,2,1,1.24
SSG 08,33,Fever Dream,Prisma 2 Case,416,2,0.0,0.72,WW,3,1,3.51
SSG 08,33,Fever Dream,Prisma 2 Case,416,2,0.0,0.72,BS,4,1,1.12
SSG 08,33,Fever Dream,Prisma 2 Case,416,2,0.0,0.72,FN,0,0,1.88
SSG 08,33,Fever Dream,Prisma 2 Case,416,2,0.0,0.72,MW,1,0,0.94
SSG 08,33,Fever Dream,Prisma 2 Case,416,2,0.0,0.72,FT,2,0,0.37
SSG 08,33,Fever Dream,Prisma 2 Case,416,2,0.0,0.72,WW,3,0,0.63
SSG 08,33,Fever Dream,Prisma 2 Case,416,2,0.0,0.72,BS,4,0,0.3
SSG 08,33,Death's Head,Operation Hydra Case,522,2,0.0,0.51,FN,0,1,22.45
SSG 08,33,Death's Head,Operation Hydra Case,522,2,0.0,0.51,MW,1,1,21.41
SSG 08,33,Death's Head,Operation Hydra Case,522,2,0.0,0.51,FT,2,1,14.83
SSG 08,33,Death's Head,Operation Hydra Case,522,2,0.0,0.51,WW,3,1,14.19
SSG 08,33,Death's Head,Operation Hydra Case,522,2,0.0,0.51,BS,4,1,16.76
SSG 08,33,Death's Head,Operation Hydra Case,522,2,0.0,0.51,FN,0,0,10.6
SSG 08,33,Death's Head,Operation Hydra Case,522,2,0.0,0.51,MW,1,0,8.7
SSG 08,33,Death's Head,Operation Hydra Case,522,2,0.0,0.51,FT,2,0,7.7
SSG 08,33,Death's Head,Operation Hydra Case,522,2,0.0,0.51,WW,3,0,9.31
SSG 08,33,Death's Head,Operation Hydra Case,522,2,0.0,0.51,BS,4,0,7.28
SSG 08,33,Ghost Crusader,Chroma 3 Case,523,2,0.0,1.0,FN,0,1,14.26
SSG 08,33,Ghost Crusader,Chroma 3 Case,523,2,0.0,1.0,MW,1,1,5.41
SSG 08,33,Ghost Crusader,Chroma 3 Case,523,2,0.0,1.0,FT,2,1,1.7
SSG 08,33,Ghost Crusader,Chroma 3 Case,523,2,0.0,1.0,WW,3,1,1.15
SSG 08,33,Ghost Crusader,Chroma 3 Case,523,2,0.0,1.0,BS,4,1,1.03
SSG 08,33,Ghost Crusader,Chroma 3 Case,523,2,0.0,1.0,FN,0,0,3.45
SSG 08,33,Ghost Crusader,Chroma 3 Case,523,2,0.0,1.0,MW,1,0,1.39
SSG 08,33,Ghost Crusader,Chroma 3 Case,523,2,0.0,1.0,FT,2,0,0.52
SSG 08,33,Ghost Crusader,Chroma 3 Case,523,2,0.0,1.0,WW,3,0,0.28
SSG 08,33,Ghost Crusader,Chroma 3 Case,523,2,0.0,1.0,BS,4,0,0.25
SSG 08,33,Mainframe 001,Fracture Case,524,1,0.0,1.0,FN,0,1,2.12
SSG 08,33,Mainframe 001,Fracture Case,524,1,0.0,1.0,MW,1,1,0.34
SSG 08,33,Mainframe 001,Fracture Case,524,1,0.0,1.0,FT,2,1,0.14
SSG 08,33,Mainframe 001,Fracture Case,524,1,0.0,1.0,WW,3,1,0.12
SSG 08,33,Mainframe 001,Fracture Case,524,1,0.0,1.0,BS,4,1,0.11
SSG 08,33,Mainframe 001,Fracture Case,524,1,0.0,1.0,FN,0,0,0.3
SSG 08,33,Mainframe 001,Fracture Case,524,1,0.0,1.0,MW,1,0,0.11
SSG 08,33,Mainframe 001,Fracture Case,524,1,0.0,1.0,FT,2,0,0.07
SSG 08,33,Mainframe 001,Fracture Case,524,1,0.0,1.0,WW,3,0,0.07
SSG 08,33,Mainframe 001,Fracture Case,524,1,0.0,1.0,BS,4,0,0.07
SSG 08,33,Necropos,Operation Wildfire Case,525,1,0.0,1.0,FN,0,1,8.79
SSG 08,33,Necropos,Operation Wildfire Case,525,1,0.0,1.0,MW,1,1,1.1
SSG 08,33,Necropos,Operation Wildfire Case,525,1,0.0,1.0,FT,2,1,0.57
SSG 08,33,Necropos,Operation Wildfire Case,525,1,0.0,1.0,WW,3,1,0.46
SSG 08,33,Necropos,Operation Wildfire Case,525,1,0.0,1.0,BS,4,1,0.42
SSG 08,33,Necropos,Operation Wildfire Case,525,1,0.0,1.0,FN,0,0,1.15
SSG 08,33,Necropos,Operation Wildfire Case,525,1,0.0,1.0,MW,1,0,0.55
SSG 08,33,Necropos,Operation Wildfire Case,525,1,0.0,1.0,FT,2,0,0.58
SSG 08,33,Necropos,Operation Wildfire Case,525,1,0.0,1.0,WW,3,0,0.39
SSG 08,33,Necropos,Operation Wildfire Case,525,1,0.0,1.0,BS,4,0,0.42
SSG 08,33,Dark Water,eSports 2014 Summer Case,177,1,0.1,0.26,MW,1,1,2.85
SSG 08,33,Dark Water,eSports 2014 Summer Case,177,1,0.1,0.26,FT,2,1,1.95
SSG 08,33,Dark Water,eSports 2014 Summer Case,177,1,0.1,0.26,MW,1,0,1.99
SSG 08,33,Dark Water,eSports 2014 Summer Case,177,1,0.1,0.26,FT,2,0,2.12
SSG 08,33,Abyss,Operation Breakout Weapon Case,526,1,0.0,1.0,FN,0,1,12.09
SSG 08,33,Abyss,Operation Breakout Weapon Case,526,1,0.0,1.0,MW,1,1,1.85
SSG 08,33,Abyss,Operation Breakout Weapon Case,526,1,0.0,1.0,FT,2,1,0.72
SSG 08,33,Abyss,Operation Breakout Weapon Case,526,1,0.0,1.0,WW,3,1,0.48
SSG 08,33,Abyss,Operation Breakout Weapon Case,526,1,0.0,1.0,BS,4,1,0.5
SSG 08,33,Abyss,Operation Breakout Weapon Case,526,1,0.0,1.0,FN,0,0,3.15
SSG 08,33,Abyss,Operation Breakout Weapon Case,526,1,0.0,1.0,MW,1,0,0.54
SSG 08,33,Abyss,Operation Breakout Weapon Case,526,1,0.0,1.0,FT,2,0,0.23
SSG 08,33,Abyss,Operation Breakout Weapon Case,526,1,0.0,1.0,WW,3,0,0.13
SSG 08,33,Abyss,Operation Breakout Weapon Case,526,1,0.0,1.0,BS,4,0,0.13
SSG 08,33,Slashed,Huntsman Weapon Case,527,1,0.15,0.8,FT,2,1,1.81
SSG 08,33,Slashed,Huntsman Weapon Case,527,1,0.15,0.8,WW,3,1,1.64
SSG 08,33,Slashed,Huntsman Weapon Case,527,1,0.15,0.8,BS,4,1,1.47
SSG 08,33,Slashed,Huntsman Weapon Case,527,1,0.15,0.8,FT,2,0,2.67
SSG 08,33,Slashed,Huntsman Weapon Case,527,1,0.15,0.8,WW,3,0,2.33
SSG 08,33,Slashed,Huntsman Weapon Case,527,1,0.15,0.8,BS,4,0,2.34
